0 0 368 1 
0 1 4 1 
0 2 2 1 
0 3 0 0.8 
0 3 1 0.2 
1 0 369 1 
1 1 5 1 
1 2 3 1 
1 3 1 1 
2 0 370 1 
2 1 6 1 
2 2 0 0.5 
2 2 2 0.5 
2 3 2 0.8 
2 3 3 0.2 
3 0 371 1 
3 1 7 1 
3 2 1 0.5 
3 2 3 0.5 
3 3 3 1 
4 0 372 1 
4 1 8 0.8 
4 1 12 0.2 
4 2 6 1 
4 3 4 0.8 
4 3 5 0.2 
5 0 373 1 
5 1 9 0.8 
5 1 13 0.2 
5 2 7 1 
5 3 5 1 
6 0 374 1 
6 1 10 0.8 
6 1 14 0.2 
6 2 4 0.5 
6 2 6 0.5 
6 3 6 0.8 
6 3 7 0.2 
7 0 375 1 
7 1 11 0.8 
7 1 15 0.2 
7 2 5 0.5 
7 2 7 0.5 
7 3 7 1 
8 0 376 1 
8 1 8 0.5 
8 1 12 0.5 
8 2 10 1 
8 3 8 0.8 
8 3 9 0.2 
9 0 377 1 
9 1 9 0.5 
9 1 13 0.5 
9 2 11 1 
9 3 9 1 
10 0 378 1 
10 1 10 0.5 
10 1 14 0.5 
10 2 8 0.5 
10 2 10 0.5 
10 3 10 0.8 
10 3 11 0.2 
11 0 379 1 
11 1 11 0.5 
11 1 15 0.5 
11 2 9 0.5 
11 2 11 0.5 
11 3 11 1 
12 0 380 1 
12 1 12 1 
12 2 14 1 
12 3 12 0.8 
12 3 13 0.2 
13 0 381 1 
13 1 13 1 
13 2 15 1 
13 3 13 1 
14 0 382 1 
14 1 14 1 
14 2 12 0.5 
14 2 14 0.5 
14 3 14 0.8 
14 3 15 0.2 
15 0 383 1 
15 1 15 1 
15 2 13 0.5 
15 2 15 0.5 
15 3 15 1 
16 0 384 1 
16 1 20 1 
16 2 18 1 
16 3 16 0.8 
16 3 17 0.2 
17 0 385 1 
17 1 21 1 
17 2 19 1 
17 3 17 1 
18 0 386 1 
18 1 22 1 
18 2 16 0.5 
18 2 18 0.5 
18 3 18 0.8 
18 3 19 0.2 
19 0 387 1 
19 1 23 1 
19 2 17 0.5 
19 2 19 0.5 
19 3 19 1 
20 0 388 1 
20 1 24 0.8 
20 1 28 0.2 
20 2 22 1 
20 3 20 0.8 
20 3 21 0.2 
21 0 389 1 
21 1 25 0.8 
21 1 29 0.2 
21 2 23 1 
21 3 21 1 
22 0 390 1 
22 1 26 0.8 
22 1 30 0.2 
22 2 20 0.5 
22 2 22 0.5 
22 3 22 0.8 
22 3 23 0.2 
23 0 391 1 
23 1 27 0.8 
23 1 31 0.2 
23 2 21 0.5 
23 2 23 0.5 
23 3 23 1 
24 0 392 1 
24 1 24 0.5 
24 1 28 0.5 
24 2 26 1 
24 3 24 0.8 
24 3 25 0.2 
25 0 393 1 
25 1 25 0.5 
25 1 29 0.5 
25 2 27 1 
25 3 25 1 
26 0 394 1 
26 1 26 0.5 
26 1 30 0.5 
26 2 24 0.5 
26 2 26 0.5 
26 3 26 0.8 
26 3 27 0.2 
27 0 395 1 
27 1 27 0.5 
27 1 31 0.5 
27 2 25 0.5 
27 2 27 0.5 
27 3 27 1 
28 0 396 1 
28 1 28 1 
28 2 30 1 
28 3 28 0.8 
28 3 29 0.2 
29 0 397 1 
29 1 29 1 
29 2 31 1 
29 3 29 1 
30 0 398 1 
30 1 30 1 
30 2 28 0.5 
30 2 30 0.5 
30 3 30 0.8 
30 3 31 0.2 
31 0 399 1 
31 1 31 1 
31 2 29 0.5 
31 2 31 0.5 
31 3 31 1 
32 0 400 1 
32 1 36 1 
32 2 34 1 
32 3 32 0.8 
32 3 33 0.2 
33 0 401 1 
33 1 37 1 
33 2 35 1 
33 3 33 1 
34 0 402 1 
34 1 38 1 
34 2 32 0.5 
34 2 34 0.5 
34 3 34 0.8 
34 3 35 0.2 
35 0 403 1 
35 1 39 1 
35 2 33 0.5 
35 2 35 0.5 
35 3 35 1 
36 0 404 1 
36 1 40 0.8 
36 1 44 0.2 
36 2 38 1 
36 3 36 0.8 
36 3 37 0.2 
37 0 405 1 
37 1 41 0.8 
37 1 45 0.2 
37 2 39 1 
37 3 37 1 
38 0 406 1 
38 1 42 0.8 
38 1 46 0.2 
38 2 36 0.5 
38 2 38 0.5 
38 3 38 0.8 
38 3 39 0.2 
39 0 407 1 
39 1 43 0.8 
39 1 47 0.2 
39 2 37 0.5 
39 2 39 0.5 
39 3 39 1 
40 0 408 1 
40 1 40 0.5 
40 1 44 0.5 
40 2 42 1 
40 3 40 0.8 
40 3 41 0.2 
41 0 409 1 
41 1 41 0.5 
41 1 45 0.5 
41 2 43 1 
41 3 41 1 
42 0 410 1 
42 1 42 0.5 
42 1 46 0.5 
42 2 40 0.5 
42 2 42 0.5 
42 3 42 0.8 
42 3 43 0.2 
43 0 411 1 
43 1 43 0.5 
43 1 47 0.5 
43 2 41 0.5 
43 2 43 0.5 
43 3 43 1 
44 0 412 1 
44 1 44 1 
44 2 46 1 
44 3 44 0.8 
44 3 45 0.2 
45 0 413 1 
45 1 45 1 
45 2 47 1 
45 3 45 1 
46 0 414 1 
46 1 46 1 
46 2 44 0.5 
46 2 46 0.5 
46 3 46 0.8 
46 3 47 0.2 
47 0 415 1 
47 1 47 1 
47 2 45 0.5 
47 2 47 0.5 
47 3 47 1 
48 0 416 1 
48 1 52 1 
48 2 50 1 
48 3 48 0.8 
48 3 49 0.2 
49 0 417 1 
49 1 53 1 
49 2 51 1 
49 3 49 1 
50 0 418 1 
50 1 54 1 
50 2 48 0.5 
50 2 50 0.5 
50 3 50 0.8 
50 3 51 0.2 
51 0 419 1 
51 1 55 1 
51 2 49 0.5 
51 2 51 0.5 
51 3 51 1 
52 0 420 1 
52 1 56 0.8 
52 1 60 0.2 
52 2 54 1 
52 3 52 0.8 
52 3 53 0.2 
53 0 421 1 
53 1 57 0.8 
53 1 61 0.2 
53 2 55 1 
53 3 53 1 
54 0 422 1 
54 1 58 0.8 
54 1 62 0.2 
54 2 52 0.5 
54 2 54 0.5 
54 3 54 0.8 
54 3 55 0.2 
55 0 423 1 
55 1 59 0.8 
55 1 63 0.2 
55 2 53 0.5 
55 2 55 0.5 
55 3 55 1 
56 0 424 1 
56 1 56 0.5 
56 1 60 0.5 
56 2 58 1 
56 3 56 0.8 
56 3 57 0.2 
57 0 425 1 
57 1 57 0.5 
57 1 61 0.5 
57 2 59 1 
57 3 57 1 
58 0 426 1 
58 1 58 0.5 
58 1 62 0.5 
58 2 56 0.5 
58 2 58 0.5 
58 3 58 0.8 
58 3 59 0.2 
59 0 427 1 
59 1 59 0.5 
59 1 63 0.5 
59 2 57 0.5 
59 2 59 0.5 
59 3 59 1 
60 0 428 1 
60 1 60 1 
60 2 62 1 
60 3 60 0.8 
60 3 61 0.2 
61 0 429 1 
61 1 61 1 
61 2 63 1 
61 3 61 1 
62 0 430 1 
62 1 62 1 
62 2 60 0.5 
62 2 62 0.5 
62 3 62 0.8 
62 3 63 0.2 
63 0 431 1 
63 1 63 1 
63 2 61 0.5 
63 2 63 0.5 
63 3 63 1 
64 0 432 1 
64 1 68 1 
64 2 66 1 
64 3 64 0.8 
64 3 65 0.2 
65 0 433 1 
65 1 69 1 
65 2 67 1 
65 3 65 1 
66 0 434 1 
66 1 70 1 
66 2 64 0.5 
66 2 66 0.5 
66 3 66 0.8 
66 3 67 0.2 
67 0 435 1 
67 1 71 1 
67 2 65 0.5 
67 2 67 0.5 
67 3 67 1 
68 0 436 1 
68 1 72 0.8 
68 1 76 0.2 
68 2 70 1 
68 3 68 0.8 
68 3 69 0.2 
69 0 437 1 
69 1 73 0.8 
69 1 77 0.2 
69 2 71 1 
69 3 69 1 
70 0 438 1 
70 1 74 0.8 
70 1 78 0.2 
70 2 68 0.5 
70 2 70 0.5 
70 3 70 0.8 
70 3 71 0.2 
71 0 439 1 
71 1 75 0.8 
71 1 79 0.2 
71 2 69 0.5 
71 2 71 0.5 
71 3 71 1 
72 0 440 1 
72 1 72 0.5 
72 1 76 0.5 
72 2 74 1 
72 3 72 0.8 
72 3 73 0.2 
73 0 441 1 
73 1 73 0.5 
73 1 77 0.5 
73 2 75 1 
73 3 73 1 
74 0 442 1 
74 1 74 0.5 
74 1 78 0.5 
74 2 72 0.5 
74 2 74 0.5 
74 3 74 0.8 
74 3 75 0.2 
75 0 443 1 
75 1 75 0.5 
75 1 79 0.5 
75 2 73 0.5 
75 2 75 0.5 
75 3 75 1 
76 0 444 1 
76 1 76 1 
76 2 78 1 
76 3 76 0.8 
76 3 77 0.2 
77 0 445 1 
77 1 77 1 
77 2 79 1 
77 3 77 1 
78 0 446 1 
78 1 78 1 
78 2 76 0.5 
78 2 78 0.5 
78 3 78 0.8 
78 3 79 0.2 
79 0 447 1 
79 1 79 1 
79 2 77 0.5 
79 2 79 0.5 
79 3 79 1 
80 0 448 1 
80 1 84 1 
80 2 82 1 
80 3 80 0.8 
80 3 81 0.2 
81 0 449 1 
81 1 85 1 
81 2 83 1 
81 3 81 1 
82 0 450 1 
82 1 86 1 
82 2 80 0.5 
82 2 82 0.5 
82 3 82 0.8 
82 3 83 0.2 
83 0 451 1 
83 1 87 1 
83 2 81 0.5 
83 2 83 0.5 
83 3 83 1 
84 0 452 1 
84 1 88 0.8 
84 1 92 0.2 
84 2 86 1 
84 3 84 0.8 
84 3 85 0.2 
85 0 453 1 
85 1 89 0.8 
85 1 93 0.2 
85 2 87 1 
85 3 85 1 
86 0 454 1 
86 1 90 0.8 
86 1 94 0.2 
86 2 84 0.5 
86 2 86 0.5 
86 3 86 0.8 
86 3 87 0.2 
87 0 455 1 
87 1 91 0.8 
87 1 95 0.2 
87 2 85 0.5 
87 2 87 0.5 
87 3 87 1 
88 0 456 1 
88 1 88 0.5 
88 1 92 0.5 
88 2 90 1 
88 3 88 0.8 
88 3 89 0.2 
89 0 457 1 
89 1 89 0.5 
89 1 93 0.5 
89 2 91 1 
89 3 89 1 
90 0 458 1 
90 1 90 0.5 
90 1 94 0.5 
90 2 88 0.5 
90 2 90 0.5 
90 3 90 0.8 
90 3 91 0.2 
91 0 459 1 
91 1 91 0.5 
91 1 95 0.5 
91 2 89 0.5 
91 2 91 0.5 
91 3 91 1 
92 0 460 1 
92 1 92 1 
92 2 94 1 
92 3 92 0.8 
92 3 93 0.2 
93 0 461 1 
93 1 93 1 
93 2 95 1 
93 3 93 1 
94 0 462 1 
94 1 94 1 
94 2 92 0.5 
94 2 94 0.5 
94 3 94 0.8 
94 3 95 0.2 
95 0 463 1 
95 1 95 1 
95 2 93 0.5 
95 2 95 0.5 
95 3 95 1 
96 0 464 1 
96 1 100 1 
96 2 98 1 
96 3 96 0.8 
96 3 97 0.2 
97 0 465 1 
97 1 101 1 
97 2 99 1 
97 3 97 1 
98 0 466 1 
98 1 102 1 
98 2 96 0.5 
98 2 98 0.5 
98 3 98 0.8 
98 3 99 0.2 
99 0 467 1 
99 1 103 1 
99 2 97 0.5 
99 2 99 0.5 
99 3 99 1 
100 0 468 1 
100 1 104 0.8 
100 1 108 0.2 
100 2 102 1 
100 3 100 0.8 
100 3 101 0.2 
101 0 469 1 
101 1 105 0.8 
101 1 109 0.2 
101 2 103 1 
101 3 101 1 
102 0 470 1 
102 1 106 0.8 
102 1 110 0.2 
102 2 100 0.5 
102 2 102 0.5 
102 3 102 0.8 
102 3 103 0.2 
103 0 471 1 
103 1 107 0.8 
103 1 111 0.2 
103 2 101 0.5 
103 2 103 0.5 
103 3 103 1 
104 0 472 1 
104 1 104 0.5 
104 1 108 0.5 
104 2 106 1 
104 3 104 0.8 
104 3 105 0.2 
105 0 473 1 
105 1 105 0.5 
105 1 109 0.5 
105 2 107 1 
105 3 105 1 
106 0 474 1 
106 1 106 0.5 
106 1 110 0.5 
106 2 104 0.5 
106 2 106 0.5 
106 3 106 0.8 
106 3 107 0.2 
107 0 475 1 
107 1 107 0.5 
107 1 111 0.5 
107 2 105 0.5 
107 2 107 0.5 
107 3 107 1 
108 0 476 1 
108 1 108 1 
108 2 110 1 
108 3 108 0.8 
108 3 109 0.2 
109 0 477 1 
109 1 109 1 
109 2 111 1 
109 3 109 1 
110 0 478 1 
110 1 110 1 
110 2 108 0.5 
110 2 110 0.5 
110 3 110 0.8 
110 3 111 0.2 
111 0 479 1 
111 1 111 1 
111 2 109 0.5 
111 2 111 0.5 
111 3 111 1 
112 0 480 1 
112 1 116 1 
112 2 114 1 
112 3 112 0.8 
112 3 113 0.2 
113 0 481 1 
113 1 117 1 
113 2 115 1 
113 3 113 1 
114 0 482 1 
114 1 118 1 
114 2 112 0.5 
114 2 114 0.5 
114 3 114 0.8 
114 3 115 0.2 
115 0 483 1 
115 1 119 1 
115 2 113 0.5 
115 2 115 0.5 
115 3 115 1 
116 0 484 1 
116 1 120 0.8 
116 1 124 0.2 
116 2 118 1 
116 3 116 0.8 
116 3 117 0.2 
117 0 485 1 
117 1 121 0.8 
117 1 125 0.2 
117 2 119 1 
117 3 117 1 
118 0 486 1 
118 1 122 0.8 
118 1 126 0.2 
118 2 116 0.5 
118 2 118 0.5 
118 3 118 0.8 
118 3 119 0.2 
119 0 487 1 
119 1 123 0.8 
119 1 127 0.2 
119 2 117 0.5 
119 2 119 0.5 
119 3 119 1 
120 0 488 1 
120 1 120 0.5 
120 1 124 0.5 
120 2 122 1 
120 3 120 0.8 
120 3 121 0.2 
121 0 489 1 
121 1 121 0.5 
121 1 125 0.5 
121 2 123 1 
121 3 121 1 
122 0 490 1 
122 1 122 0.5 
122 1 126 0.5 
122 2 120 0.5 
122 2 122 0.5 
122 3 122 0.8 
122 3 123 0.2 
123 0 491 1 
123 1 123 0.5 
123 1 127 0.5 
123 2 121 0.5 
123 2 123 0.5 
123 3 123 1 
124 0 492 1 
124 1 124 1 
124 2 126 1 
124 3 124 0.8 
124 3 125 0.2 
125 0 493 1 
125 1 125 1 
125 2 127 1 
125 3 125 1 
126 0 494 1 
126 1 126 1 
126 2 124 0.5 
126 2 126 0.5 
126 3 126 0.8 
126 3 127 0.2 
127 0 495 1 
127 1 127 1 
127 2 125 0.5 
127 2 127 0.5 
127 3 127 1 
128 0 496 1 
128 1 132 1 
128 2 130 1 
128 3 128 0.8 
128 3 129 0.2 
129 0 497 1 
129 1 133 1 
129 2 131 1 
129 3 129 1 
130 0 498 1 
130 1 134 1 
130 2 128 0.5 
130 2 130 0.5 
130 3 130 0.8 
130 3 131 0.2 
131 0 499 1 
131 1 135 1 
131 2 129 0.5 
131 2 131 0.5 
131 3 131 1 
132 0 500 1 
132 1 136 0.8 
132 1 140 0.2 
132 2 134 1 
132 3 132 0.8 
132 3 133 0.2 
133 0 501 1 
133 1 137 0.8 
133 1 141 0.2 
133 2 135 1 
133 3 133 1 
134 0 502 1 
134 1 138 0.8 
134 1 142 0.2 
134 2 132 0.5 
134 2 134 0.5 
134 3 134 0.8 
134 3 135 0.2 
135 0 503 1 
135 1 139 0.8 
135 1 143 0.2 
135 2 133 0.5 
135 2 135 0.5 
135 3 135 1 
136 0 504 1 
136 1 136 0.5 
136 1 140 0.5 
136 2 138 1 
136 3 136 0.8 
136 3 137 0.2 
137 0 505 1 
137 1 137 0.5 
137 1 141 0.5 
137 2 139 1 
137 3 137 1 
138 0 506 1 
138 1 138 0.5 
138 1 142 0.5 
138 2 136 0.5 
138 2 138 0.5 
138 3 138 0.8 
138 3 139 0.2 
139 0 507 1 
139 1 139 0.5 
139 1 143 0.5 
139 2 137 0.5 
139 2 139 0.5 
139 3 139 1 
140 0 508 1 
140 1 140 1 
140 2 142 1 
140 3 140 0.8 
140 3 141 0.2 
141 0 509 1 
141 1 141 1 
141 2 143 1 
141 3 141 1 
142 0 510 1 
142 1 142 1 
142 2 140 0.5 
142 2 142 0.5 
142 3 142 0.8 
142 3 143 0.2 
143 0 511 1 
143 1 143 1 
143 2 141 0.5 
143 2 143 0.5 
143 3 143 1 
144 0 512 1 
144 1 148 1 
144 2 146 1 
144 3 144 0.8 
144 3 145 0.2 
145 0 513 1 
145 1 149 1 
145 2 147 1 
145 3 145 1 
146 0 514 1 
146 1 150 1 
146 2 144 0.5 
146 2 146 0.5 
146 3 146 0.8 
146 3 147 0.2 
147 0 515 1 
147 1 151 1 
147 2 145 0.5 
147 2 147 0.5 
147 3 147 1 
148 0 516 1 
148 1 152 0.8 
148 1 156 0.2 
148 2 150 1 
148 3 148 0.8 
148 3 149 0.2 
149 0 517 1 
149 1 153 0.8 
149 1 157 0.2 
149 2 151 1 
149 3 149 1 
150 0 518 1 
150 1 154 0.8 
150 1 158 0.2 
150 2 148 0.5 
150 2 150 0.5 
150 3 150 0.8 
150 3 151 0.2 
151 0 519 1 
151 1 155 0.8 
151 1 159 0.2 
151 2 149 0.5 
151 2 151 0.5 
151 3 151 1 
152 0 520 1 
152 1 152 0.5 
152 1 156 0.5 
152 2 154 1 
152 3 152 0.8 
152 3 153 0.2 
153 0 521 1 
153 1 153 0.5 
153 1 157 0.5 
153 2 155 1 
153 3 153 1 
154 0 522 1 
154 1 154 0.5 
154 1 158 0.5 
154 2 152 0.5 
154 2 154 0.5 
154 3 154 0.8 
154 3 155 0.2 
155 0 523 1 
155 1 155 0.5 
155 1 159 0.5 
155 2 153 0.5 
155 2 155 0.5 
155 3 155 1 
156 0 524 1 
156 1 156 1 
156 2 158 1 
156 3 156 0.8 
156 3 157 0.2 
157 0 525 1 
157 1 157 1 
157 2 159 1 
157 3 157 1 
158 0 526 1 
158 1 158 1 
158 2 156 0.5 
158 2 158 0.5 
158 3 158 0.8 
158 3 159 0.2 
159 0 527 1 
159 1 159 1 
159 2 157 0.5 
159 2 159 0.5 
159 3 159 1 
160 0 528 1 
160 1 164 1 
160 2 162 1 
160 3 160 0.8 
160 3 161 0.2 
161 0 529 1 
161 1 165 1 
161 2 163 1 
161 3 161 1 
162 0 530 1 
162 1 166 1 
162 2 160 0.5 
162 2 162 0.5 
162 3 162 0.8 
162 3 163 0.2 
163 0 531 1 
163 1 167 1 
163 2 161 0.5 
163 2 163 0.5 
163 3 163 1 
164 0 532 1 
164 1 168 0.8 
164 1 172 0.2 
164 2 166 1 
164 3 164 0.8 
164 3 165 0.2 
165 0 533 1 
165 1 169 0.8 
165 1 173 0.2 
165 2 167 1 
165 3 165 1 
166 0 534 1 
166 1 170 0.8 
166 1 174 0.2 
166 2 164 0.5 
166 2 166 0.5 
166 3 166 0.8 
166 3 167 0.2 
167 0 535 1 
167 1 171 0.8 
167 1 175 0.2 
167 2 165 0.5 
167 2 167 0.5 
167 3 167 1 
168 0 536 1 
168 1 168 0.5 
168 1 172 0.5 
168 2 170 1 
168 3 168 0.8 
168 3 169 0.2 
169 0 537 1 
169 1 169 0.5 
169 1 173 0.5 
169 2 171 1 
169 3 169 1 
170 0 538 1 
170 1 170 0.5 
170 1 174 0.5 
170 2 168 0.5 
170 2 170 0.5 
170 3 170 0.8 
170 3 171 0.2 
171 0 539 1 
171 1 171 0.5 
171 1 175 0.5 
171 2 169 0.5 
171 2 171 0.5 
171 3 171 1 
172 0 540 1 
172 1 172 1 
172 2 174 1 
172 3 172 0.8 
172 3 173 0.2 
173 0 541 1 
173 1 173 1 
173 2 175 1 
173 3 173 1 
174 0 542 1 
174 1 174 1 
174 2 172 0.5 
174 2 174 0.5 
174 3 174 0.8 
174 3 175 0.2 
175 0 543 1 
175 1 175 1 
175 2 173 0.5 
175 2 175 0.5 
175 3 175 1 
176 0 544 1 
176 1 180 1 
176 2 178 1 
176 3 176 0.8 
176 3 177 0.2 
177 0 545 1 
177 1 181 1 
177 2 179 1 
177 3 177 1 
178 0 546 1 
178 1 182 1 
178 2 176 0.5 
178 2 178 0.5 
178 3 178 0.8 
178 3 179 0.2 
179 0 547 1 
179 1 183 1 
179 2 177 0.5 
179 2 179 0.5 
179 3 179 1 
180 0 548 1 
180 1 184 0.8 
180 1 188 0.2 
180 2 182 1 
180 3 180 0.8 
180 3 181 0.2 
181 0 549 1 
181 1 185 0.8 
181 1 189 0.2 
181 2 183 1 
181 3 181 1 
182 0 550 1 
182 1 186 0.8 
182 1 190 0.2 
182 2 180 0.5 
182 2 182 0.5 
182 3 182 0.8 
182 3 183 0.2 
183 0 551 1 
183 1 187 0.8 
183 1 191 0.2 
183 2 181 0.5 
183 2 183 0.5 
183 3 183 1 
184 0 552 1 
184 1 184 0.5 
184 1 188 0.5 
184 2 186 1 
184 3 184 0.8 
184 3 185 0.2 
185 0 553 1 
185 1 185 0.5 
185 1 189 0.5 
185 2 187 1 
185 3 185 1 
186 0 554 1 
186 1 186 0.5 
186 1 190 0.5 
186 2 184 0.5 
186 2 186 0.5 
186 3 186 0.8 
186 3 187 0.2 
187 0 555 1 
187 1 187 0.5 
187 1 191 0.5 
187 2 185 0.5 
187 2 187 0.5 
187 3 187 1 
188 0 556 1 
188 1 188 1 
188 2 190 1 
188 3 188 0.8 
188 3 189 0.2 
189 0 557 1 
189 1 189 1 
189 2 191 1 
189 3 189 1 
190 0 558 1 
190 1 190 1 
190 2 188 0.5 
190 2 190 0.5 
190 3 190 0.8 
190 3 191 0.2 
191 0 559 1 
191 1 191 1 
191 2 189 0.5 
191 2 191 0.5 
191 3 191 1 
192 0 560 1 
192 1 196 1 
192 2 194 1 
192 3 192 0.8 
192 3 193 0.2 
193 0 561 1 
193 1 197 1 
193 2 195 1 
193 3 193 1 
194 0 562 1 
194 1 198 1 
194 2 192 0.5 
194 2 194 0.5 
194 3 194 0.8 
194 3 195 0.2 
195 0 563 1 
195 1 199 1 
195 2 193 0.5 
195 2 195 0.5 
195 3 195 1 
196 0 564 1 
196 1 200 0.8 
196 1 204 0.2 
196 2 198 1 
196 3 196 0.8 
196 3 197 0.2 
197 0 565 1 
197 1 201 0.8 
197 1 205 0.2 
197 2 199 1 
197 3 197 1 
198 0 566 1 
198 1 202 0.8 
198 1 206 0.2 
198 2 196 0.5 
198 2 198 0.5 
198 3 198 0.8 
198 3 199 0.2 
199 0 567 1 
199 1 203 0.8 
199 1 207 0.2 
199 2 197 0.5 
199 2 199 0.5 
199 3 199 1 
200 0 568 1 
200 1 200 0.5 
200 1 204 0.5 
200 2 202 1 
200 3 200 0.8 
200 3 201 0.2 
201 0 569 1 
201 1 201 0.5 
201 1 205 0.5 
201 2 203 1 
201 3 201 1 
202 0 570 1 
202 1 202 0.5 
202 1 206 0.5 
202 2 200 0.5 
202 2 202 0.5 
202 3 202 0.8 
202 3 203 0.2 
203 0 571 1 
203 1 203 0.5 
203 1 207 0.5 
203 2 201 0.5 
203 2 203 0.5 
203 3 203 1 
204 0 572 1 
204 1 204 1 
204 2 206 1 
204 3 204 0.8 
204 3 205 0.2 
205 0 573 1 
205 1 205 1 
205 2 207 1 
205 3 205 1 
206 0 574 1 
206 1 206 1 
206 2 204 0.5 
206 2 206 0.5 
206 3 206 0.8 
206 3 207 0.2 
207 0 575 1 
207 1 207 1 
207 2 205 0.5 
207 2 207 0.5 
207 3 207 1 
208 0 576 1 
208 1 212 1 
208 2 210 1 
208 3 208 0.8 
208 3 209 0.2 
209 0 577 1 
209 1 213 1 
209 2 211 1 
209 3 209 1 
210 0 578 1 
210 1 214 1 
210 2 208 0.5 
210 2 210 0.5 
210 3 210 0.8 
210 3 211 0.2 
211 0 579 1 
211 1 215 1 
211 2 209 0.5 
211 2 211 0.5 
211 3 211 1 
212 0 580 1 
212 1 216 0.8 
212 1 220 0.2 
212 2 214 1 
212 3 212 0.8 
212 3 213 0.2 
213 0 581 1 
213 1 217 0.8 
213 1 221 0.2 
213 2 215 1 
213 3 213 1 
214 0 582 1 
214 1 218 0.8 
214 1 222 0.2 
214 2 212 0.5 
214 2 214 0.5 
214 3 214 0.8 
214 3 215 0.2 
215 0 583 1 
215 1 219 0.8 
215 1 223 0.2 
215 2 213 0.5 
215 2 215 0.5 
215 3 215 1 
216 0 584 1 
216 1 216 0.5 
216 1 220 0.5 
216 2 218 1 
216 3 216 0.8 
216 3 217 0.2 
217 0 585 1 
217 1 217 0.5 
217 1 221 0.5 
217 2 219 1 
217 3 217 1 
218 0 586 1 
218 1 218 0.5 
218 1 222 0.5 
218 2 216 0.5 
218 2 218 0.5 
218 3 218 0.8 
218 3 219 0.2 
219 0 587 1 
219 1 219 0.5 
219 1 223 0.5 
219 2 217 0.5 
219 2 219 0.5 
219 3 219 1 
220 0 588 1 
220 1 220 1 
220 2 222 1 
220 3 220 0.8 
220 3 221 0.2 
221 0 589 1 
221 1 221 1 
221 2 223 1 
221 3 221 1 
222 0 590 1 
222 1 222 1 
222 2 220 0.5 
222 2 222 0.5 
222 3 222 0.8 
222 3 223 0.2 
223 0 591 1 
223 1 223 1 
223 2 221 0.5 
223 2 223 0.5 
223 3 223 1 
224 0 592 1 
224 1 228 1 
224 2 226 1 
224 3 224 0.8 
224 3 225 0.2 
225 0 593 1 
225 1 229 1 
225 2 227 1 
225 3 225 1 
226 0 594 1 
226 1 230 1 
226 2 224 0.5 
226 2 226 0.5 
226 3 226 0.8 
226 3 227 0.2 
227 0 595 1 
227 1 231 1 
227 2 225 0.5 
227 2 227 0.5 
227 3 227 1 
228 0 596 1 
228 1 232 0.8 
228 1 236 0.2 
228 2 230 1 
228 3 228 0.8 
228 3 229 0.2 
229 0 597 1 
229 1 233 0.8 
229 1 237 0.2 
229 2 231 1 
229 3 229 1 
230 0 598 1 
230 1 234 0.8 
230 1 238 0.2 
230 2 228 0.5 
230 2 230 0.5 
230 3 230 0.8 
230 3 231 0.2 
231 0 599 1 
231 1 235 0.8 
231 1 239 0.2 
231 2 229 0.5 
231 2 231 0.5 
231 3 231 1 
232 0 600 1 
232 1 232 0.5 
232 1 236 0.5 
232 2 234 1 
232 3 232 0.8 
232 3 233 0.2 
233 0 601 1 
233 1 233 0.5 
233 1 237 0.5 
233 2 235 1 
233 3 233 1 
234 0 602 1 
234 1 234 0.5 
234 1 238 0.5 
234 2 232 0.5 
234 2 234 0.5 
234 3 234 0.8 
234 3 235 0.2 
235 0 603 1 
235 1 235 0.5 
235 1 239 0.5 
235 2 233 0.5 
235 2 235 0.5 
235 3 235 1 
236 0 604 1 
236 1 236 1 
236 2 238 1 
236 3 236 0.8 
236 3 237 0.2 
237 0 605 1 
237 1 237 1 
237 2 239 1 
237 3 237 1 
238 0 606 1 
238 1 238 1 
238 2 236 0.5 
238 2 238 0.5 
238 3 238 0.8 
238 3 239 0.2 
239 0 607 1 
239 1 239 1 
239 2 237 0.5 
239 2 239 0.5 
239 3 239 1 
240 0 608 1 
240 1 244 1 
240 2 242 1 
240 3 240 0.8 
240 3 241 0.2 
241 0 609 1 
241 1 245 1 
241 2 243 1 
241 3 241 1 
242 0 610 1 
242 1 246 1 
242 2 240 0.5 
242 2 242 0.5 
242 3 242 0.8 
242 3 243 0.2 
243 0 611 1 
243 1 247 1 
243 2 241 0.5 
243 2 243 0.5 
243 3 243 1 
244 0 612 1 
244 1 248 0.8 
244 1 252 0.2 
244 2 246 1 
244 3 244 0.8 
244 3 245 0.2 
245 0 613 1 
245 1 249 0.8 
245 1 253 0.2 
245 2 247 1 
245 3 245 1 
246 0 614 1 
246 1 250 0.8 
246 1 254 0.2 
246 2 244 0.5 
246 2 246 0.5 
246 3 246 0.8 
246 3 247 0.2 
247 0 615 1 
247 1 251 0.8 
247 1 255 0.2 
247 2 245 0.5 
247 2 247 0.5 
247 3 247 1 
248 0 616 1 
248 1 248 0.5 
248 1 252 0.5 
248 2 250 1 
248 3 248 0.8 
248 3 249 0.2 
249 0 617 1 
249 1 249 0.5 
249 1 253 0.5 
249 2 251 1 
249 3 249 1 
250 0 618 1 
250 1 250 0.5 
250 1 254 0.5 
250 2 248 0.5 
250 2 250 0.5 
250 3 250 0.8 
250 3 251 0.2 
251 0 619 1 
251 1 251 0.5 
251 1 255 0.5 
251 2 249 0.5 
251 2 251 0.5 
251 3 251 1 
252 0 620 1 
252 1 252 1 
252 2 254 1 
252 3 252 0.8 
252 3 253 0.2 
253 0 621 1 
253 1 253 1 
253 2 255 1 
253 3 253 1 
254 0 622 1 
254 1 254 1 
254 2 252 0.5 
254 2 254 0.5 
254 3 254 0.8 
254 3 255 0.2 
255 0 623 1 
255 1 255 1 
255 2 253 0.5 
255 2 255 0.5 
255 3 255 1 
256 0 624 1 
256 1 260 1 
256 2 258 1 
256 3 256 0.8 
256 3 257 0.2 
257 0 625 1 
257 1 261 1 
257 2 259 1 
257 3 257 1 
258 0 626 1 
258 1 262 1 
258 2 256 0.5 
258 2 258 0.5 
258 3 258 0.8 
258 3 259 0.2 
259 0 627 1 
259 1 263 1 
259 2 257 0.5 
259 2 259 0.5 
259 3 259 1 
260 0 628 1 
260 1 264 0.8 
260 1 268 0.2 
260 2 262 1 
260 3 260 0.8 
260 3 261 0.2 
261 0 629 1 
261 1 265 0.8 
261 1 269 0.2 
261 2 263 1 
261 3 261 1 
262 0 630 1 
262 1 266 0.8 
262 1 270 0.2 
262 2 260 0.5 
262 2 262 0.5 
262 3 262 0.8 
262 3 263 0.2 
263 0 631 1 
263 1 267 0.8 
263 1 271 0.2 
263 2 261 0.5 
263 2 263 0.5 
263 3 263 1 
264 0 632 1 
264 1 264 0.5 
264 1 268 0.5 
264 2 266 1 
264 3 264 0.8 
264 3 265 0.2 
265 0 633 1 
265 1 265 0.5 
265 1 269 0.5 
265 2 267 1 
265 3 265 1 
266 0 634 1 
266 1 266 0.5 
266 1 270 0.5 
266 2 264 0.5 
266 2 266 0.5 
266 3 266 0.8 
266 3 267 0.2 
267 0 635 1 
267 1 267 0.5 
267 1 271 0.5 
267 2 265 0.5 
267 2 267 0.5 
267 3 267 1 
268 0 636 1 
268 1 268 1 
268 2 270 1 
268 3 268 0.8 
268 3 269 0.2 
269 0 637 1 
269 1 269 1 
269 2 271 1 
269 3 269 1 
270 0 638 1 
270 1 270 1 
270 2 268 0.5 
270 2 270 0.5 
270 3 270 0.8 
270 3 271 0.2 
271 0 639 1 
271 1 271 1 
271 2 269 0.5 
271 2 271 0.5 
271 3 271 1 
272 0 640 1 
272 1 276 1 
272 2 274 1 
272 3 272 0.8 
272 3 273 0.2 
273 0 641 1 
273 1 277 1 
273 2 275 1 
273 3 273 1 
274 0 642 1 
274 1 278 1 
274 2 272 0.5 
274 2 274 0.5 
274 3 274 0.8 
274 3 275 0.2 
275 0 643 1 
275 1 279 1 
275 2 273 0.5 
275 2 275 0.5 
275 3 275 1 
276 0 644 1 
276 1 280 0.8 
276 1 284 0.2 
276 2 278 1 
276 3 276 0.8 
276 3 277 0.2 
277 0 645 1 
277 1 281 0.8 
277 1 285 0.2 
277 2 279 1 
277 3 277 1 
278 0 646 1 
278 1 282 0.8 
278 1 286 0.2 
278 2 276 0.5 
278 2 278 0.5 
278 3 278 0.8 
278 3 279 0.2 
279 0 647 1 
279 1 283 0.8 
279 1 287 0.2 
279 2 277 0.5 
279 2 279 0.5 
279 3 279 1 
280 0 648 1 
280 1 280 0.5 
280 1 284 0.5 
280 2 282 1 
280 3 280 0.8 
280 3 281 0.2 
281 0 649 1 
281 1 281 0.5 
281 1 285 0.5 
281 2 283 1 
281 3 281 1 
282 0 650 1 
282 1 282 0.5 
282 1 286 0.5 
282 2 280 0.5 
282 2 282 0.5 
282 3 282 0.8 
282 3 283 0.2 
283 0 651 1 
283 1 283 0.5 
283 1 287 0.5 
283 2 281 0.5 
283 2 283 0.5 
283 3 283 1 
284 0 652 1 
284 1 284 1 
284 2 286 1 
284 3 284 0.8 
284 3 285 0.2 
285 0 653 1 
285 1 285 1 
285 2 287 1 
285 3 285 1 
286 0 654 1 
286 1 286 1 
286 2 284 0.5 
286 2 286 0.5 
286 3 286 0.8 
286 3 287 0.2 
287 0 655 1 
287 1 287 1 
287 2 285 0.5 
287 2 287 0.5 
287 3 287 1 
288 0 656 1 
288 1 292 1 
288 2 290 1 
288 3 288 0.8 
288 3 289 0.2 
289 0 657 1 
289 1 293 1 
289 2 291 1 
289 3 289 1 
290 0 658 1 
290 1 294 1 
290 2 288 0.5 
290 2 290 0.5 
290 3 290 0.8 
290 3 291 0.2 
291 0 659 1 
291 1 295 1 
291 2 289 0.5 
291 2 291 0.5 
291 3 291 1 
292 0 660 1 
292 1 296 0.8 
292 1 300 0.2 
292 2 294 1 
292 3 292 0.8 
292 3 293 0.2 
293 0 661 1 
293 1 297 0.8 
293 1 301 0.2 
293 2 295 1 
293 3 293 1 
294 0 662 1 
294 1 298 0.8 
294 1 302 0.2 
294 2 292 0.5 
294 2 294 0.5 
294 3 294 0.8 
294 3 295 0.2 
295 0 663 1 
295 1 299 0.8 
295 1 303 0.2 
295 2 293 0.5 
295 2 295 0.5 
295 3 295 1 
296 0 664 1 
296 1 296 0.5 
296 1 300 0.5 
296 2 298 1 
296 3 296 0.8 
296 3 297 0.2 
297 0 665 1 
297 1 297 0.5 
297 1 301 0.5 
297 2 299 1 
297 3 297 1 
298 0 666 1 
298 1 298 0.5 
298 1 302 0.5 
298 2 296 0.5 
298 2 298 0.5 
298 3 298 0.8 
298 3 299 0.2 
299 0 667 1 
299 1 299 0.5 
299 1 303 0.5 
299 2 297 0.5 
299 2 299 0.5 
299 3 299 1 
300 0 668 1 
300 1 300 1 
300 2 302 1 
300 3 300 0.8 
300 3 301 0.2 
301 0 669 1 
301 1 301 1 
301 2 303 1 
301 3 301 1 
302 0 670 1 
302 1 302 1 
302 2 300 0.5 
302 2 302 0.5 
302 3 302 0.8 
302 3 303 0.2 
303 0 671 1 
303 1 303 1 
303 2 301 0.5 
303 2 303 0.5 
303 3 303 1 
304 0 672 1 
304 1 308 1 
304 2 306 1 
304 3 304 0.8 
304 3 305 0.2 
305 0 673 1 
305 1 309 1 
305 2 307 1 
305 3 305 1 
306 0 674 1 
306 1 310 1 
306 2 304 0.5 
306 2 306 0.5 
306 3 306 0.8 
306 3 307 0.2 
307 0 675 1 
307 1 311 1 
307 2 305 0.5 
307 2 307 0.5 
307 3 307 1 
308 0 676 1 
308 1 312 0.8 
308 1 316 0.2 
308 2 310 1 
308 3 308 0.8 
308 3 309 0.2 
309 0 677 1 
309 1 313 0.8 
309 1 317 0.2 
309 2 311 1 
309 3 309 1 
310 0 678 1 
310 1 314 0.8 
310 1 318 0.2 
310 2 308 0.5 
310 2 310 0.5 
310 3 310 0.8 
310 3 311 0.2 
311 0 679 1 
311 1 315 0.8 
311 1 319 0.2 
311 2 309 0.5 
311 2 311 0.5 
311 3 311 1 
312 0 680 1 
312 1 312 0.5 
312 1 316 0.5 
312 2 314 1 
312 3 312 0.8 
312 3 313 0.2 
313 0 681 1 
313 1 313 0.5 
313 1 317 0.5 
313 2 315 1 
313 3 313 1 
314 0 682 1 
314 1 314 0.5 
314 1 318 0.5 
314 2 312 0.5 
314 2 314 0.5 
314 3 314 0.8 
314 3 315 0.2 
315 0 683 1 
315 1 315 0.5 
315 1 319 0.5 
315 2 313 0.5 
315 2 315 0.5 
315 3 315 1 
316 0 684 1 
316 1 316 1 
316 2 318 1 
316 3 316 0.8 
316 3 317 0.2 
317 0 685 1 
317 1 317 1 
317 2 319 1 
317 3 317 1 
318 0 686 1 
318 1 318 1 
318 2 316 0.5 
318 2 318 0.5 
318 3 318 0.8 
318 3 319 0.2 
319 0 687 1 
319 1 319 1 
319 2 317 0.5 
319 2 319 0.5 
319 3 319 1 
320 0 688 1 
320 1 324 1 
320 2 322 1 
320 3 320 0.8 
320 3 321 0.2 
321 0 689 1 
321 1 325 1 
321 2 323 1 
321 3 321 1 
322 0 690 1 
322 1 326 1 
322 2 320 0.5 
322 2 322 0.5 
322 3 322 0.8 
322 3 323 0.2 
323 0 691 1 
323 1 327 1 
323 2 321 0.5 
323 2 323 0.5 
323 3 323 1 
324 0 692 1 
324 1 328 0.8 
324 1 332 0.2 
324 2 326 1 
324 3 324 0.8 
324 3 325 0.2 
325 0 693 1 
325 1 329 0.8 
325 1 333 0.2 
325 2 327 1 
325 3 325 1 
326 0 694 1 
326 1 330 0.8 
326 1 334 0.2 
326 2 324 0.5 
326 2 326 0.5 
326 3 326 0.8 
326 3 327 0.2 
327 0 695 1 
327 1 331 0.8 
327 1 335 0.2 
327 2 325 0.5 
327 2 327 0.5 
327 3 327 1 
328 0 696 1 
328 1 328 0.5 
328 1 332 0.5 
328 2 330 1 
328 3 328 0.8 
328 3 329 0.2 
329 0 697 1 
329 1 329 0.5 
329 1 333 0.5 
329 2 331 1 
329 3 329 1 
330 0 698 1 
330 1 330 0.5 
330 1 334 0.5 
330 2 328 0.5 
330 2 330 0.5 
330 3 330 0.8 
330 3 331 0.2 
331 0 699 1 
331 1 331 0.5 
331 1 335 0.5 
331 2 329 0.5 
331 2 331 0.5 
331 3 331 1 
332 0 700 1 
332 1 332 1 
332 2 334 1 
332 3 332 0.8 
332 3 333 0.2 
333 0 701 1 
333 1 333 1 
333 2 335 1 
333 3 333 1 
334 0 702 1 
334 1 334 1 
334 2 332 0.5 
334 2 334 0.5 
334 3 334 0.8 
334 3 335 0.2 
335 0 703 1 
335 1 335 1 
335 2 333 0.5 
335 2 335 0.5 
335 3 335 1 
336 0 704 1 
336 1 340 1 
336 2 338 1 
336 3 336 0.8 
336 3 337 0.2 
337 0 705 1 
337 1 341 1 
337 2 339 1 
337 3 337 1 
338 0 706 1 
338 1 342 1 
338 2 336 0.5 
338 2 338 0.5 
338 3 338 0.8 
338 3 339 0.2 
339 0 707 1 
339 1 343 1 
339 2 337 0.5 
339 2 339 0.5 
339 3 339 1 
340 0 708 1 
340 1 344 0.8 
340 1 348 0.2 
340 2 342 1 
340 3 340 0.8 
340 3 341 0.2 
341 0 709 1 
341 1 345 0.8 
341 1 349 0.2 
341 2 343 1 
341 3 341 1 
342 0 710 1 
342 1 346 0.8 
342 1 350 0.2 
342 2 340 0.5 
342 2 342 0.5 
342 3 342 0.8 
342 3 343 0.2 
343 0 711 1 
343 1 347 0.8 
343 1 351 0.2 
343 2 341 0.5 
343 2 343 0.5 
343 3 343 1 
344 0 712 1 
344 1 344 0.5 
344 1 348 0.5 
344 2 346 1 
344 3 344 0.8 
344 3 345 0.2 
345 0 713 1 
345 1 345 0.5 
345 1 349 0.5 
345 2 347 1 
345 3 345 1 
346 0 714 1 
346 1 346 0.5 
346 1 350 0.5 
346 2 344 0.5 
346 2 346 0.5 
346 3 346 0.8 
346 3 347 0.2 
347 0 715 1 
347 1 347 0.5 
347 1 351 0.5 
347 2 345 0.5 
347 2 347 0.5 
347 3 347 1 
348 0 716 1 
348 1 348 1 
348 2 350 1 
348 3 348 0.8 
348 3 349 0.2 
349 0 717 1 
349 1 349 1 
349 2 351 1 
349 3 349 1 
350 0 718 1 
350 1 350 1 
350 2 348 0.5 
350 2 350 0.5 
350 3 350 0.8 
350 3 351 0.2 
351 0 719 1 
351 1 351 1 
351 2 349 0.5 
351 2 351 0.5 
351 3 351 1 
352 0 356 1 
352 1 354 1 
352 2 352 0.8 
352 2 353 0.2 
353 0 357 1 
353 1 355 1 
353 2 353 1 
354 0 358 1 
354 1 352 0.5 
354 1 354 0.5 
354 2 354 0.8 
354 2 355 0.2 
355 0 359 1 
355 1 353 0.5 
355 1 355 0.5 
355 2 355 1 
356 0 360 0.8 
356 0 364 0.2 
356 1 358 1 
356 2 356 0.8 
356 2 357 0.2 
357 0 361 0.8 
357 0 365 0.2 
357 1 359 1 
357 2 357 1 
358 0 362 0.8 
358 0 366 0.2 
358 1 356 0.5 
358 1 358 0.5 
358 2 358 0.8 
358 2 359 0.2 
359 0 363 0.8 
359 0 367 0.2 
359 1 357 0.5 
359 1 359 0.5 
359 2 359 1 
360 0 360 0.5 
360 0 364 0.5 
360 1 362 1 
360 2 360 0.8 
360 2 361 0.2 
361 0 361 0.5 
361 0 365 0.5 
361 1 363 1 
361 2 361 1 
362 0 362 0.5 
362 0 366 0.5 
362 1 360 0.5 
362 1 362 0.5 
362 2 362 0.8 
362 2 363 0.2 
363 0 363 0.5 
363 0 367 0.5 
363 1 361 0.5 
363 1 363 0.5 
363 2 363 1 
364 0 364 1 
364 1 366 1 
364 2 364 0.8 
364 2 365 0.2 
365 0 365 1 
365 1 367 1 
365 2 365 1 
366 0 366 1 
366 1 364 0.5 
366 1 366 0.5 
366 2 366 0.8 
366 2 367 0.2 
367 0 367 1 
367 1 365 0.5 
367 1 367 0.5 
367 2 367 1 
368 0 720 1 
368 1 16 1 
368 2 372 1 
368 3 370 1 
368 4 368 0.8 
368 4 369 0.2 
369 0 721 1 
369 1 17 1 
369 2 373 1 
369 3 371 1 
369 4 369 1 
370 0 722 1 
370 1 18 1 
370 2 374 1 
370 3 368 0.5 
370 3 370 0.5 
370 4 370 0.8 
370 4 371 0.2 
371 0 723 1 
371 1 19 1 
371 2 375 1 
371 3 369 0.5 
371 3 371 0.5 
371 4 371 1 
372 0 724 1 
372 1 20 1 
372 2 376 0.8 
372 2 380 0.2 
372 3 374 1 
372 4 372 0.8 
372 4 373 0.2 
373 0 725 1 
373 1 21 1 
373 2 377 0.8 
373 2 381 0.2 
373 3 375 1 
373 4 373 1 
374 0 726 1 
374 1 22 1 
374 2 378 0.8 
374 2 382 0.2 
374 3 372 0.5 
374 3 374 0.5 
374 4 374 0.8 
374 4 375 0.2 
375 0 727 1 
375 1 23 1 
375 2 379 0.8 
375 2 383 0.2 
375 3 373 0.5 
375 3 375 0.5 
375 4 375 1 
376 0 728 1 
376 1 24 1 
376 2 376 0.5 
376 2 380 0.5 
376 3 378 1 
376 4 376 0.8 
376 4 377 0.2 
377 0 729 1 
377 1 25 1 
377 2 377 0.5 
377 2 381 0.5 
377 3 379 1 
377 4 377 1 
378 0 730 1 
378 1 26 1 
378 2 378 0.5 
378 2 382 0.5 
378 3 376 0.5 
378 3 378 0.5 
378 4 378 0.8 
378 4 379 0.2 
379 0 731 1 
379 1 27 1 
379 2 379 0.5 
379 2 383 0.5 
379 3 377 0.5 
379 3 379 0.5 
379 4 379 1 
380 0 732 1 
380 1 28 1 
380 2 380 1 
380 3 382 1 
380 4 380 0.8 
380 4 381 0.2 
381 0 733 1 
381 1 29 1 
381 2 381 1 
381 3 383 1 
381 4 381 1 
382 0 734 1 
382 1 30 1 
382 2 382 1 
382 3 380 0.5 
382 3 382 0.5 
382 4 382 0.8 
382 4 383 0.2 
383 0 735 1 
383 1 31 1 
383 2 383 1 
383 3 381 0.5 
383 3 383 0.5 
383 4 383 1 
384 0 736 1 
384 1 48 1 
384 2 388 1 
384 3 386 1 
384 4 384 0.8 
384 4 385 0.2 
385 0 737 1 
385 1 49 1 
385 2 389 1 
385 3 387 1 
385 4 385 1 
386 0 738 1 
386 1 50 1 
386 2 390 1 
386 3 384 0.5 
386 3 386 0.5 
386 4 386 0.8 
386 4 387 0.2 
387 0 739 1 
387 1 51 1 
387 2 391 1 
387 3 385 0.5 
387 3 387 0.5 
387 4 387 1 
388 0 740 1 
388 1 52 1 
388 2 392 0.8 
388 2 396 0.2 
388 3 390 1 
388 4 388 0.8 
388 4 389 0.2 
389 0 741 1 
389 1 53 1 
389 2 393 0.8 
389 2 397 0.2 
389 3 391 1 
389 4 389 1 
390 0 742 1 
390 1 54 1 
390 2 394 0.8 
390 2 398 0.2 
390 3 388 0.5 
390 3 390 0.5 
390 4 390 0.8 
390 4 391 0.2 
391 0 743 1 
391 1 55 1 
391 2 395 0.8 
391 2 399 0.2 
391 3 389 0.5 
391 3 391 0.5 
391 4 391 1 
392 0 744 1 
392 1 56 1 
392 2 392 0.5 
392 2 396 0.5 
392 3 394 1 
392 4 392 0.8 
392 4 393 0.2 
393 0 745 1 
393 1 57 1 
393 2 393 0.5 
393 2 397 0.5 
393 3 395 1 
393 4 393 1 
394 0 746 1 
394 1 58 1 
394 2 394 0.5 
394 2 398 0.5 
394 3 392 0.5 
394 3 394 0.5 
394 4 394 0.8 
394 4 395 0.2 
395 0 747 1 
395 1 59 1 
395 2 395 0.5 
395 2 399 0.5 
395 3 393 0.5 
395 3 395 0.5 
395 4 395 1 
396 0 748 1 
396 1 60 1 
396 2 396 1 
396 3 398 1 
396 4 396 0.8 
396 4 397 0.2 
397 0 749 1 
397 1 61 1 
397 2 397 1 
397 3 399 1 
397 4 397 1 
398 0 750 1 
398 1 62 1 
398 2 398 1 
398 3 396 0.5 
398 3 398 0.5 
398 4 398 0.8 
398 4 399 0.2 
399 0 751 1 
399 1 63 1 
399 2 399 1 
399 3 397 0.5 
399 3 399 0.5 
399 4 399 1 
400 0 752 1 
400 1 64 1 
400 2 404 1 
400 3 402 1 
400 4 400 0.8 
400 4 401 0.2 
401 0 753 1 
401 1 65 1 
401 2 405 1 
401 3 403 1 
401 4 401 1 
402 0 754 1 
402 1 66 1 
402 2 406 1 
402 3 400 0.5 
402 3 402 0.5 
402 4 402 0.8 
402 4 403 0.2 
403 0 755 1 
403 1 67 1 
403 2 407 1 
403 3 401 0.5 
403 3 403 0.5 
403 4 403 1 
404 0 756 1 
404 1 68 1 
404 2 408 0.8 
404 2 412 0.2 
404 3 406 1 
404 4 404 0.8 
404 4 405 0.2 
405 0 757 1 
405 1 69 1 
405 2 409 0.8 
405 2 413 0.2 
405 3 407 1 
405 4 405 1 
406 0 758 1 
406 1 70 1 
406 2 410 0.8 
406 2 414 0.2 
406 3 404 0.5 
406 3 406 0.5 
406 4 406 0.8 
406 4 407 0.2 
407 0 759 1 
407 1 71 1 
407 2 411 0.8 
407 2 415 0.2 
407 3 405 0.5 
407 3 407 0.5 
407 4 407 1 
408 0 760 1 
408 1 72 1 
408 2 408 0.5 
408 2 412 0.5 
408 3 410 1 
408 4 408 0.8 
408 4 409 0.2 
409 0 761 1 
409 1 73 1 
409 2 409 0.5 
409 2 413 0.5 
409 3 411 1 
409 4 409 1 
410 0 762 1 
410 1 74 1 
410 2 410 0.5 
410 2 414 0.5 
410 3 408 0.5 
410 3 410 0.5 
410 4 410 0.8 
410 4 411 0.2 
411 0 763 1 
411 1 75 1 
411 2 411 0.5 
411 2 415 0.5 
411 3 409 0.5 
411 3 411 0.5 
411 4 411 1 
412 0 764 1 
412 1 76 1 
412 2 412 1 
412 3 414 1 
412 4 412 0.8 
412 4 413 0.2 
413 0 765 1 
413 1 77 1 
413 2 413 1 
413 3 415 1 
413 4 413 1 
414 0 766 1 
414 1 78 1 
414 2 414 1 
414 3 412 0.5 
414 3 414 0.5 
414 4 414 0.8 
414 4 415 0.2 
415 0 767 1 
415 1 79 1 
415 2 415 1 
415 3 413 0.5 
415 3 415 0.5 
415 4 415 1 
416 0 768 1 
416 1 80 1 
416 2 420 1 
416 3 418 1 
416 4 416 0.8 
416 4 417 0.2 
417 0 769 1 
417 1 81 1 
417 2 421 1 
417 3 419 1 
417 4 417 1 
418 0 770 1 
418 1 82 1 
418 2 422 1 
418 3 416 0.5 
418 3 418 0.5 
418 4 418 0.8 
418 4 419 0.2 
419 0 771 1 
419 1 83 1 
419 2 423 1 
419 3 417 0.5 
419 3 419 0.5 
419 4 419 1 
420 0 772 1 
420 1 84 1 
420 2 424 0.8 
420 2 428 0.2 
420 3 422 1 
420 4 420 0.8 
420 4 421 0.2 
421 0 773 1 
421 1 85 1 
421 2 425 0.8 
421 2 429 0.2 
421 3 423 1 
421 4 421 1 
422 0 774 1 
422 1 86 1 
422 2 426 0.8 
422 2 430 0.2 
422 3 420 0.5 
422 3 422 0.5 
422 4 422 0.8 
422 4 423 0.2 
423 0 775 1 
423 1 87 1 
423 2 427 0.8 
423 2 431 0.2 
423 3 421 0.5 
423 3 423 0.5 
423 4 423 1 
424 0 776 1 
424 1 88 1 
424 2 424 0.5 
424 2 428 0.5 
424 3 426 1 
424 4 424 0.8 
424 4 425 0.2 
425 0 777 1 
425 1 89 1 
425 2 425 0.5 
425 2 429 0.5 
425 3 427 1 
425 4 425 1 
426 0 778 1 
426 1 90 1 
426 2 426 0.5 
426 2 430 0.5 
426 3 424 0.5 
426 3 426 0.5 
426 4 426 0.8 
426 4 427 0.2 
427 0 779 1 
427 1 91 1 
427 2 427 0.5 
427 2 431 0.5 
427 3 425 0.5 
427 3 427 0.5 
427 4 427 1 
428 0 780 1 
428 1 92 1 
428 2 428 1 
428 3 430 1 
428 4 428 0.8 
428 4 429 0.2 
429 0 781 1 
429 1 93 1 
429 2 429 1 
429 3 431 1 
429 4 429 1 
430 0 782 1 
430 1 94 1 
430 2 430 1 
430 3 428 0.5 
430 3 430 0.5 
430 4 430 0.8 
430 4 431 0.2 
431 0 783 1 
431 1 95 1 
431 2 431 1 
431 3 429 0.5 
431 3 431 0.5 
431 4 431 1 
432 0 784 1 
432 1 96 1 
432 2 436 1 
432 3 434 1 
432 4 432 0.8 
432 4 433 0.2 
433 0 785 1 
433 1 97 1 
433 2 437 1 
433 3 435 1 
433 4 433 1 
434 0 786 1 
434 1 98 1 
434 2 438 1 
434 3 432 0.5 
434 3 434 0.5 
434 4 434 0.8 
434 4 435 0.2 
435 0 787 1 
435 1 99 1 
435 2 439 1 
435 3 433 0.5 
435 3 435 0.5 
435 4 435 1 
436 0 788 1 
436 1 100 1 
436 2 440 0.8 
436 2 444 0.2 
436 3 438 1 
436 4 436 0.8 
436 4 437 0.2 
437 0 789 1 
437 1 101 1 
437 2 441 0.8 
437 2 445 0.2 
437 3 439 1 
437 4 437 1 
438 0 790 1 
438 1 102 1 
438 2 442 0.8 
438 2 446 0.2 
438 3 436 0.5 
438 3 438 0.5 
438 4 438 0.8 
438 4 439 0.2 
439 0 791 1 
439 1 103 1 
439 2 443 0.8 
439 2 447 0.2 
439 3 437 0.5 
439 3 439 0.5 
439 4 439 1 
440 0 792 1 
440 1 104 1 
440 2 440 0.5 
440 2 444 0.5 
440 3 442 1 
440 4 440 0.8 
440 4 441 0.2 
441 0 793 1 
441 1 105 1 
441 2 441 0.5 
441 2 445 0.5 
441 3 443 1 
441 4 441 1 
442 0 794 1 
442 1 106 1 
442 2 442 0.5 
442 2 446 0.5 
442 3 440 0.5 
442 3 442 0.5 
442 4 442 0.8 
442 4 443 0.2 
443 0 795 1 
443 1 107 1 
443 2 443 0.5 
443 2 447 0.5 
443 3 441 0.5 
443 3 443 0.5 
443 4 443 1 
444 0 796 1 
444 1 108 1 
444 2 444 1 
444 3 446 1 
444 4 444 0.8 
444 4 445 0.2 
445 0 797 1 
445 1 109 1 
445 2 445 1 
445 3 447 1 
445 4 445 1 
446 0 798 1 
446 1 110 1 
446 2 446 1 
446 3 444 0.5 
446 3 446 0.5 
446 4 446 0.8 
446 4 447 0.2 
447 0 799 1 
447 1 111 1 
447 2 447 1 
447 3 445 0.5 
447 3 447 0.5 
447 4 447 1 
448 0 800 1 
448 1 112 1 
448 2 452 1 
448 3 450 1 
448 4 448 0.8 
448 4 449 0.2 
449 0 801 1 
449 1 113 1 
449 2 453 1 
449 3 451 1 
449 4 449 1 
450 0 802 1 
450 1 114 1 
450 2 454 1 
450 3 448 0.5 
450 3 450 0.5 
450 4 450 0.8 
450 4 451 0.2 
451 0 803 1 
451 1 115 1 
451 2 455 1 
451 3 449 0.5 
451 3 451 0.5 
451 4 451 1 
452 0 804 1 
452 1 116 1 
452 2 456 0.8 
452 2 460 0.2 
452 3 454 1 
452 4 452 0.8 
452 4 453 0.2 
453 0 805 1 
453 1 117 1 
453 2 457 0.8 
453 2 461 0.2 
453 3 455 1 
453 4 453 1 
454 0 806 1 
454 1 118 1 
454 2 458 0.8 
454 2 462 0.2 
454 3 452 0.5 
454 3 454 0.5 
454 4 454 0.8 
454 4 455 0.2 
455 0 807 1 
455 1 119 1 
455 2 459 0.8 
455 2 463 0.2 
455 3 453 0.5 
455 3 455 0.5 
455 4 455 1 
456 0 808 1 
456 1 120 1 
456 2 456 0.5 
456 2 460 0.5 
456 3 458 1 
456 4 456 0.8 
456 4 457 0.2 
457 0 809 1 
457 1 121 1 
457 2 457 0.5 
457 2 461 0.5 
457 3 459 1 
457 4 457 1 
458 0 810 1 
458 1 122 1 
458 2 458 0.5 
458 2 462 0.5 
458 3 456 0.5 
458 3 458 0.5 
458 4 458 0.8 
458 4 459 0.2 
459 0 811 1 
459 1 123 1 
459 2 459 0.5 
459 2 463 0.5 
459 3 457 0.5 
459 3 459 0.5 
459 4 459 1 
460 0 812 1 
460 1 124 1 
460 2 460 1 
460 3 462 1 
460 4 460 0.8 
460 4 461 0.2 
461 0 813 1 
461 1 125 1 
461 2 461 1 
461 3 463 1 
461 4 461 1 
462 0 814 1 
462 1 126 1 
462 2 462 1 
462 3 460 0.5 
462 3 462 0.5 
462 4 462 0.8 
462 4 463 0.2 
463 0 815 1 
463 1 127 1 
463 2 463 1 
463 3 461 0.5 
463 3 463 0.5 
463 4 463 1 
464 0 816 1 
464 1 128 1 
464 2 468 1 
464 3 466 1 
464 4 464 0.8 
464 4 465 0.2 
465 0 817 1 
465 1 129 1 
465 2 469 1 
465 3 467 1 
465 4 465 1 
466 0 818 1 
466 1 130 1 
466 2 470 1 
466 3 464 0.5 
466 3 466 0.5 
466 4 466 0.8 
466 4 467 0.2 
467 0 819 1 
467 1 131 1 
467 2 471 1 
467 3 465 0.5 
467 3 467 0.5 
467 4 467 1 
468 0 820 1 
468 1 132 1 
468 2 472 0.8 
468 2 476 0.2 
468 3 470 1 
468 4 468 0.8 
468 4 469 0.2 
469 0 821 1 
469 1 133 1 
469 2 473 0.8 
469 2 477 0.2 
469 3 471 1 
469 4 469 1 
470 0 822 1 
470 1 134 1 
470 2 474 0.8 
470 2 478 0.2 
470 3 468 0.5 
470 3 470 0.5 
470 4 470 0.8 
470 4 471 0.2 
471 0 823 1 
471 1 135 1 
471 2 475 0.8 
471 2 479 0.2 
471 3 469 0.5 
471 3 471 0.5 
471 4 471 1 
472 0 824 1 
472 1 136 1 
472 2 472 0.5 
472 2 476 0.5 
472 3 474 1 
472 4 472 0.8 
472 4 473 0.2 
473 0 825 1 
473 1 137 1 
473 2 473 0.5 
473 2 477 0.5 
473 3 475 1 
473 4 473 1 
474 0 826 1 
474 1 138 1 
474 2 474 0.5 
474 2 478 0.5 
474 3 472 0.5 
474 3 474 0.5 
474 4 474 0.8 
474 4 475 0.2 
475 0 827 1 
475 1 139 1 
475 2 475 0.5 
475 2 479 0.5 
475 3 473 0.5 
475 3 475 0.5 
475 4 475 1 
476 0 828 1 
476 1 140 1 
476 2 476 1 
476 3 478 1 
476 4 476 0.8 
476 4 477 0.2 
477 0 829 1 
477 1 141 1 
477 2 477 1 
477 3 479 1 
477 4 477 1 
478 0 830 1 
478 1 142 1 
478 2 478 1 
478 3 476 0.5 
478 3 478 0.5 
478 4 478 0.8 
478 4 479 0.2 
479 0 831 1 
479 1 143 1 
479 2 479 1 
479 3 477 0.5 
479 3 479 0.5 
479 4 479 1 
480 0 832 1 
480 1 144 1 
480 2 484 1 
480 3 482 1 
480 4 480 0.8 
480 4 481 0.2 
481 0 833 1 
481 1 145 1 
481 2 485 1 
481 3 483 1 
481 4 481 1 
482 0 834 1 
482 1 146 1 
482 2 486 1 
482 3 480 0.5 
482 3 482 0.5 
482 4 482 0.8 
482 4 483 0.2 
483 0 835 1 
483 1 147 1 
483 2 487 1 
483 3 481 0.5 
483 3 483 0.5 
483 4 483 1 
484 0 836 1 
484 1 148 1 
484 2 488 0.8 
484 2 492 0.2 
484 3 486 1 
484 4 484 0.8 
484 4 485 0.2 
485 0 837 1 
485 1 149 1 
485 2 489 0.8 
485 2 493 0.2 
485 3 487 1 
485 4 485 1 
486 0 838 1 
486 1 150 1 
486 2 490 0.8 
486 2 494 0.2 
486 3 484 0.5 
486 3 486 0.5 
486 4 486 0.8 
486 4 487 0.2 
487 0 839 1 
487 1 151 1 
487 2 491 0.8 
487 2 495 0.2 
487 3 485 0.5 
487 3 487 0.5 
487 4 487 1 
488 0 840 1 
488 1 152 1 
488 2 488 0.5 
488 2 492 0.5 
488 3 490 1 
488 4 488 0.8 
488 4 489 0.2 
489 0 841 1 
489 1 153 1 
489 2 489 0.5 
489 2 493 0.5 
489 3 491 1 
489 4 489 1 
490 0 842 1 
490 1 154 1 
490 2 490 0.5 
490 2 494 0.5 
490 3 488 0.5 
490 3 490 0.5 
490 4 490 0.8 
490 4 491 0.2 
491 0 843 1 
491 1 155 1 
491 2 491 0.5 
491 2 495 0.5 
491 3 489 0.5 
491 3 491 0.5 
491 4 491 1 
492 0 844 1 
492 1 156 1 
492 2 492 1 
492 3 494 1 
492 4 492 0.8 
492 4 493 0.2 
493 0 845 1 
493 1 157 1 
493 2 493 1 
493 3 495 1 
493 4 493 1 
494 0 846 1 
494 1 158 1 
494 2 494 1 
494 3 492 0.5 
494 3 494 0.5 
494 4 494 0.8 
494 4 495 0.2 
495 0 847 1 
495 1 159 1 
495 2 495 1 
495 3 493 0.5 
495 3 495 0.5 
495 4 495 1 
496 0 848 1 
496 1 160 1 
496 2 500 1 
496 3 498 1 
496 4 496 0.8 
496 4 497 0.2 
497 0 849 1 
497 1 161 1 
497 2 501 1 
497 3 499 1 
497 4 497 1 
498 0 850 1 
498 1 162 1 
498 2 502 1 
498 3 496 0.5 
498 3 498 0.5 
498 4 498 0.8 
498 4 499 0.2 
499 0 851 1 
499 1 163 1 
499 2 503 1 
499 3 497 0.5 
499 3 499 0.5 
499 4 499 1 
500 0 852 1 
500 1 164 1 
500 2 504 0.8 
500 2 508 0.2 
500 3 502 1 
500 4 500 0.8 
500 4 501 0.2 
501 0 853 1 
501 1 165 1 
501 2 505 0.8 
501 2 509 0.2 
501 3 503 1 
501 4 501 1 
502 0 854 1 
502 1 166 1 
502 2 506 0.8 
502 2 510 0.2 
502 3 500 0.5 
502 3 502 0.5 
502 4 502 0.8 
502 4 503 0.2 
503 0 855 1 
503 1 167 1 
503 2 507 0.8 
503 2 511 0.2 
503 3 501 0.5 
503 3 503 0.5 
503 4 503 1 
504 0 856 1 
504 1 168 1 
504 2 504 0.5 
504 2 508 0.5 
504 3 506 1 
504 4 504 0.8 
504 4 505 0.2 
505 0 857 1 
505 1 169 1 
505 2 505 0.5 
505 2 509 0.5 
505 3 507 1 
505 4 505 1 
506 0 858 1 
506 1 170 1 
506 2 506 0.5 
506 2 510 0.5 
506 3 504 0.5 
506 3 506 0.5 
506 4 506 0.8 
506 4 507 0.2 
507 0 859 1 
507 1 171 1 
507 2 507 0.5 
507 2 511 0.5 
507 3 505 0.5 
507 3 507 0.5 
507 4 507 1 
508 0 860 1 
508 1 172 1 
508 2 508 1 
508 3 510 1 
508 4 508 0.8 
508 4 509 0.2 
509 0 861 1 
509 1 173 1 
509 2 509 1 
509 3 511 1 
509 4 509 1 
510 0 862 1 
510 1 174 1 
510 2 510 1 
510 3 508 0.5 
510 3 510 0.5 
510 4 510 0.8 
510 4 511 0.2 
511 0 863 1 
511 1 175 1 
511 2 511 1 
511 3 509 0.5 
511 3 511 0.5 
511 4 511 1 
512 0 864 1 
512 1 176 1 
512 2 516 1 
512 3 514 1 
512 4 512 0.8 
512 4 513 0.2 
513 0 865 1 
513 1 177 1 
513 2 517 1 
513 3 515 1 
513 4 513 1 
514 0 866 1 
514 1 178 1 
514 2 518 1 
514 3 512 0.5 
514 3 514 0.5 
514 4 514 0.8 
514 4 515 0.2 
515 0 867 1 
515 1 179 1 
515 2 519 1 
515 3 513 0.5 
515 3 515 0.5 
515 4 515 1 
516 0 868 1 
516 1 180 1 
516 2 520 0.8 
516 2 524 0.2 
516 3 518 1 
516 4 516 0.8 
516 4 517 0.2 
517 0 869 1 
517 1 181 1 
517 2 521 0.8 
517 2 525 0.2 
517 3 519 1 
517 4 517 1 
518 0 870 1 
518 1 182 1 
518 2 522 0.8 
518 2 526 0.2 
518 3 516 0.5 
518 3 518 0.5 
518 4 518 0.8 
518 4 519 0.2 
519 0 871 1 
519 1 183 1 
519 2 523 0.8 
519 2 527 0.2 
519 3 517 0.5 
519 3 519 0.5 
519 4 519 1 
520 0 872 1 
520 1 184 1 
520 2 520 0.5 
520 2 524 0.5 
520 3 522 1 
520 4 520 0.8 
520 4 521 0.2 
521 0 873 1 
521 1 185 1 
521 2 521 0.5 
521 2 525 0.5 
521 3 523 1 
521 4 521 1 
522 0 874 1 
522 1 186 1 
522 2 522 0.5 
522 2 526 0.5 
522 3 520 0.5 
522 3 522 0.5 
522 4 522 0.8 
522 4 523 0.2 
523 0 875 1 
523 1 187 1 
523 2 523 0.5 
523 2 527 0.5 
523 3 521 0.5 
523 3 523 0.5 
523 4 523 1 
524 0 876 1 
524 1 188 1 
524 2 524 1 
524 3 526 1 
524 4 524 0.8 
524 4 525 0.2 
525 0 877 1 
525 1 189 1 
525 2 525 1 
525 3 527 1 
525 4 525 1 
526 0 878 1 
526 1 190 1 
526 2 526 1 
526 3 524 0.5 
526 3 526 0.5 
526 4 526 0.8 
526 4 527 0.2 
527 0 879 1 
527 1 191 1 
527 2 527 1 
527 3 525 0.5 
527 3 527 0.5 
527 4 527 1 
528 0 880 1 
528 1 192 1 
528 2 532 1 
528 3 530 1 
528 4 528 0.8 
528 4 529 0.2 
529 0 881 1 
529 1 193 1 
529 2 533 1 
529 3 531 1 
529 4 529 1 
530 0 882 1 
530 1 194 1 
530 2 534 1 
530 3 528 0.5 
530 3 530 0.5 
530 4 530 0.8 
530 4 531 0.2 
531 0 883 1 
531 1 195 1 
531 2 535 1 
531 3 529 0.5 
531 3 531 0.5 
531 4 531 1 
532 0 884 1 
532 1 196 1 
532 2 536 0.8 
532 2 540 0.2 
532 3 534 1 
532 4 532 0.8 
532 4 533 0.2 
533 0 885 1 
533 1 197 1 
533 2 537 0.8 
533 2 541 0.2 
533 3 535 1 
533 4 533 1 
534 0 886 1 
534 1 198 1 
534 2 538 0.8 
534 2 542 0.2 
534 3 532 0.5 
534 3 534 0.5 
534 4 534 0.8 
534 4 535 0.2 
535 0 887 1 
535 1 199 1 
535 2 539 0.8 
535 2 543 0.2 
535 3 533 0.5 
535 3 535 0.5 
535 4 535 1 
536 0 888 1 
536 1 200 1 
536 2 536 0.5 
536 2 540 0.5 
536 3 538 1 
536 4 536 0.8 
536 4 537 0.2 
537 0 889 1 
537 1 201 1 
537 2 537 0.5 
537 2 541 0.5 
537 3 539 1 
537 4 537 1 
538 0 890 1 
538 1 202 1 
538 2 538 0.5 
538 2 542 0.5 
538 3 536 0.5 
538 3 538 0.5 
538 4 538 0.8 
538 4 539 0.2 
539 0 891 1 
539 1 203 1 
539 2 539 0.5 
539 2 543 0.5 
539 3 537 0.5 
539 3 539 0.5 
539 4 539 1 
540 0 892 1 
540 1 204 1 
540 2 540 1 
540 3 542 1 
540 4 540 0.8 
540 4 541 0.2 
541 0 893 1 
541 1 205 1 
541 2 541 1 
541 3 543 1 
541 4 541 1 
542 0 894 1 
542 1 206 1 
542 2 542 1 
542 3 540 0.5 
542 3 542 0.5 
542 4 542 0.8 
542 4 543 0.2 
543 0 895 1 
543 1 207 1 
543 2 543 1 
543 3 541 0.5 
543 3 543 0.5 
543 4 543 1 
544 0 896 1 
544 1 208 1 
544 2 548 1 
544 3 546 1 
544 4 544 0.8 
544 4 545 0.2 
545 0 897 1 
545 1 209 1 
545 2 549 1 
545 3 547 1 
545 4 545 1 
546 0 898 1 
546 1 210 1 
546 2 550 1 
546 3 544 0.5 
546 3 546 0.5 
546 4 546 0.8 
546 4 547 0.2 
547 0 899 1 
547 1 211 1 
547 2 551 1 
547 3 545 0.5 
547 3 547 0.5 
547 4 547 1 
548 0 900 1 
548 1 212 1 
548 2 552 0.8 
548 2 556 0.2 
548 3 550 1 
548 4 548 0.8 
548 4 549 0.2 
549 0 901 1 
549 1 213 1 
549 2 553 0.8 
549 2 557 0.2 
549 3 551 1 
549 4 549 1 
550 0 902 1 
550 1 214 1 
550 2 554 0.8 
550 2 558 0.2 
550 3 548 0.5 
550 3 550 0.5 
550 4 550 0.8 
550 4 551 0.2 
551 0 903 1 
551 1 215 1 
551 2 555 0.8 
551 2 559 0.2 
551 3 549 0.5 
551 3 551 0.5 
551 4 551 1 
552 0 904 1 
552 1 216 1 
552 2 552 0.5 
552 2 556 0.5 
552 3 554 1 
552 4 552 0.8 
552 4 553 0.2 
553 0 905 1 
553 1 217 1 
553 2 553 0.5 
553 2 557 0.5 
553 3 555 1 
553 4 553 1 
554 0 906 1 
554 1 218 1 
554 2 554 0.5 
554 2 558 0.5 
554 3 552 0.5 
554 3 554 0.5 
554 4 554 0.8 
554 4 555 0.2 
555 0 907 1 
555 1 219 1 
555 2 555 0.5 
555 2 559 0.5 
555 3 553 0.5 
555 3 555 0.5 
555 4 555 1 
556 0 908 1 
556 1 220 1 
556 2 556 1 
556 3 558 1 
556 4 556 0.8 
556 4 557 0.2 
557 0 909 1 
557 1 221 1 
557 2 557 1 
557 3 559 1 
557 4 557 1 
558 0 910 1 
558 1 222 1 
558 2 558 1 
558 3 556 0.5 
558 3 558 0.5 
558 4 558 0.8 
558 4 559 0.2 
559 0 911 1 
559 1 223 1 
559 2 559 1 
559 3 557 0.5 
559 3 559 0.5 
559 4 559 1 
560 0 912 1 
560 1 224 1 
560 2 564 1 
560 3 562 1 
560 4 560 0.8 
560 4 561 0.2 
561 0 913 1 
561 1 225 1 
561 2 565 1 
561 3 563 1 
561 4 561 1 
562 0 914 1 
562 1 226 1 
562 2 566 1 
562 3 560 0.5 
562 3 562 0.5 
562 4 562 0.8 
562 4 563 0.2 
563 0 915 1 
563 1 227 1 
563 2 567 1 
563 3 561 0.5 
563 3 563 0.5 
563 4 563 1 
564 0 916 1 
564 1 228 1 
564 2 568 0.8 
564 2 572 0.2 
564 3 566 1 
564 4 564 0.8 
564 4 565 0.2 
565 0 917 1 
565 1 229 1 
565 2 569 0.8 
565 2 573 0.2 
565 3 567 1 
565 4 565 1 
566 0 918 1 
566 1 230 1 
566 2 570 0.8 
566 2 574 0.2 
566 3 564 0.5 
566 3 566 0.5 
566 4 566 0.8 
566 4 567 0.2 
567 0 919 1 
567 1 231 1 
567 2 571 0.8 
567 2 575 0.2 
567 3 565 0.5 
567 3 567 0.5 
567 4 567 1 
568 0 920 1 
568 1 232 1 
568 2 568 0.5 
568 2 572 0.5 
568 3 570 1 
568 4 568 0.8 
568 4 569 0.2 
569 0 921 1 
569 1 233 1 
569 2 569 0.5 
569 2 573 0.5 
569 3 571 1 
569 4 569 1 
570 0 922 1 
570 1 234 1 
570 2 570 0.5 
570 2 574 0.5 
570 3 568 0.5 
570 3 570 0.5 
570 4 570 0.8 
570 4 571 0.2 
571 0 923 1 
571 1 235 1 
571 2 571 0.5 
571 2 575 0.5 
571 3 569 0.5 
571 3 571 0.5 
571 4 571 1 
572 0 924 1 
572 1 236 1 
572 2 572 1 
572 3 574 1 
572 4 572 0.8 
572 4 573 0.2 
573 0 925 1 
573 1 237 1 
573 2 573 1 
573 3 575 1 
573 4 573 1 
574 0 926 1 
574 1 238 1 
574 2 574 1 
574 3 572 0.5 
574 3 574 0.5 
574 4 574 0.8 
574 4 575 0.2 
575 0 927 1 
575 1 239 1 
575 2 575 1 
575 3 573 0.5 
575 3 575 0.5 
575 4 575 1 
576 0 928 1 
576 1 240 1 
576 2 580 1 
576 3 578 1 
576 4 576 0.8 
576 4 577 0.2 
577 0 929 1 
577 1 241 1 
577 2 581 1 
577 3 579 1 
577 4 577 1 
578 0 930 1 
578 1 242 1 
578 2 582 1 
578 3 576 0.5 
578 3 578 0.5 
578 4 578 0.8 
578 4 579 0.2 
579 0 931 1 
579 1 243 1 
579 2 583 1 
579 3 577 0.5 
579 3 579 0.5 
579 4 579 1 
580 0 932 1 
580 1 244 1 
580 2 584 0.8 
580 2 588 0.2 
580 3 582 1 
580 4 580 0.8 
580 4 581 0.2 
581 0 933 1 
581 1 245 1 
581 2 585 0.8 
581 2 589 0.2 
581 3 583 1 
581 4 581 1 
582 0 934 1 
582 1 246 1 
582 2 586 0.8 
582 2 590 0.2 
582 3 580 0.5 
582 3 582 0.5 
582 4 582 0.8 
582 4 583 0.2 
583 0 935 1 
583 1 247 1 
583 2 587 0.8 
583 2 591 0.2 
583 3 581 0.5 
583 3 583 0.5 
583 4 583 1 
584 0 936 1 
584 1 248 1 
584 2 584 0.5 
584 2 588 0.5 
584 3 586 1 
584 4 584 0.8 
584 4 585 0.2 
585 0 937 1 
585 1 249 1 
585 2 585 0.5 
585 2 589 0.5 
585 3 587 1 
585 4 585 1 
586 0 938 1 
586 1 250 1 
586 2 586 0.5 
586 2 590 0.5 
586 3 584 0.5 
586 3 586 0.5 
586 4 586 0.8 
586 4 587 0.2 
587 0 939 1 
587 1 251 1 
587 2 587 0.5 
587 2 591 0.5 
587 3 585 0.5 
587 3 587 0.5 
587 4 587 1 
588 0 940 1 
588 1 252 1 
588 2 588 1 
588 3 590 1 
588 4 588 0.8 
588 4 589 0.2 
589 0 941 1 
589 1 253 1 
589 2 589 1 
589 3 591 1 
589 4 589 1 
590 0 942 1 
590 1 254 1 
590 2 590 1 
590 3 588 0.5 
590 3 590 0.5 
590 4 590 0.8 
590 4 591 0.2 
591 0 943 1 
591 1 255 1 
591 2 591 1 
591 3 589 0.5 
591 3 591 0.5 
591 4 591 1 
592 0 944 1 
592 1 256 1 
592 2 596 1 
592 3 594 1 
592 4 592 0.8 
592 4 593 0.2 
593 0 945 1 
593 1 257 1 
593 2 597 1 
593 3 595 1 
593 4 593 1 
594 0 946 1 
594 1 258 1 
594 2 598 1 
594 3 592 0.5 
594 3 594 0.5 
594 4 594 0.8 
594 4 595 0.2 
595 0 947 1 
595 1 259 1 
595 2 599 1 
595 3 593 0.5 
595 3 595 0.5 
595 4 595 1 
596 0 948 1 
596 1 260 1 
596 2 600 0.8 
596 2 604 0.2 
596 3 598 1 
596 4 596 0.8 
596 4 597 0.2 
597 0 949 1 
597 1 261 1 
597 2 601 0.8 
597 2 605 0.2 
597 3 599 1 
597 4 597 1 
598 0 950 1 
598 1 262 1 
598 2 602 0.8 
598 2 606 0.2 
598 3 596 0.5 
598 3 598 0.5 
598 4 598 0.8 
598 4 599 0.2 
599 0 951 1 
599 1 263 1 
599 2 603 0.8 
599 2 607 0.2 
599 3 597 0.5 
599 3 599 0.5 
599 4 599 1 
600 0 952 1 
600 1 264 1 
600 2 600 0.5 
600 2 604 0.5 
600 3 602 1 
600 4 600 0.8 
600 4 601 0.2 
601 0 953 1 
601 1 265 1 
601 2 601 0.5 
601 2 605 0.5 
601 3 603 1 
601 4 601 1 
602 0 954 1 
602 1 266 1 
602 2 602 0.5 
602 2 606 0.5 
602 3 600 0.5 
602 3 602 0.5 
602 4 602 0.8 
602 4 603 0.2 
603 0 955 1 
603 1 267 1 
603 2 603 0.5 
603 2 607 0.5 
603 3 601 0.5 
603 3 603 0.5 
603 4 603 1 
604 0 956 1 
604 1 268 1 
604 2 604 1 
604 3 606 1 
604 4 604 0.8 
604 4 605 0.2 
605 0 957 1 
605 1 269 1 
605 2 605 1 
605 3 607 1 
605 4 605 1 
606 0 958 1 
606 1 270 1 
606 2 606 1 
606 3 604 0.5 
606 3 606 0.5 
606 4 606 0.8 
606 4 607 0.2 
607 0 959 1 
607 1 271 1 
607 2 607 1 
607 3 605 0.5 
607 3 607 0.5 
607 4 607 1 
608 0 960 1 
608 1 272 1 
608 2 612 1 
608 3 610 1 
608 4 608 0.8 
608 4 609 0.2 
609 0 961 1 
609 1 273 1 
609 2 613 1 
609 3 611 1 
609 4 609 1 
610 0 962 1 
610 1 274 1 
610 2 614 1 
610 3 608 0.5 
610 3 610 0.5 
610 4 610 0.8 
610 4 611 0.2 
611 0 963 1 
611 1 275 1 
611 2 615 1 
611 3 609 0.5 
611 3 611 0.5 
611 4 611 1 
612 0 964 1 
612 1 276 1 
612 2 616 0.8 
612 2 620 0.2 
612 3 614 1 
612 4 612 0.8 
612 4 613 0.2 
613 0 965 1 
613 1 277 1 
613 2 617 0.8 
613 2 621 0.2 
613 3 615 1 
613 4 613 1 
614 0 966 1 
614 1 278 1 
614 2 618 0.8 
614 2 622 0.2 
614 3 612 0.5 
614 3 614 0.5 
614 4 614 0.8 
614 4 615 0.2 
615 0 967 1 
615 1 279 1 
615 2 619 0.8 
615 2 623 0.2 
615 3 613 0.5 
615 3 615 0.5 
615 4 615 1 
616 0 968 1 
616 1 280 1 
616 2 616 0.5 
616 2 620 0.5 
616 3 618 1 
616 4 616 0.8 
616 4 617 0.2 
617 0 969 1 
617 1 281 1 
617 2 617 0.5 
617 2 621 0.5 
617 3 619 1 
617 4 617 1 
618 0 970 1 
618 1 282 1 
618 2 618 0.5 
618 2 622 0.5 
618 3 616 0.5 
618 3 618 0.5 
618 4 618 0.8 
618 4 619 0.2 
619 0 971 1 
619 1 283 1 
619 2 619 0.5 
619 2 623 0.5 
619 3 617 0.5 
619 3 619 0.5 
619 4 619 1 
620 0 972 1 
620 1 284 1 
620 2 620 1 
620 3 622 1 
620 4 620 0.8 
620 4 621 0.2 
621 0 973 1 
621 1 285 1 
621 2 621 1 
621 3 623 1 
621 4 621 1 
622 0 974 1 
622 1 286 1 
622 2 622 1 
622 3 620 0.5 
622 3 622 0.5 
622 4 622 0.8 
622 4 623 0.2 
623 0 975 1 
623 1 287 1 
623 2 623 1 
623 3 621 0.5 
623 3 623 0.5 
623 4 623 1 
624 0 976 1 
624 1 288 1 
624 2 628 1 
624 3 626 1 
624 4 624 0.8 
624 4 625 0.2 
625 0 977 1 
625 1 289 1 
625 2 629 1 
625 3 627 1 
625 4 625 1 
626 0 978 1 
626 1 290 1 
626 2 630 1 
626 3 624 0.5 
626 3 626 0.5 
626 4 626 0.8 
626 4 627 0.2 
627 0 979 1 
627 1 291 1 
627 2 631 1 
627 3 625 0.5 
627 3 627 0.5 
627 4 627 1 
628 0 980 1 
628 1 292 1 
628 2 632 0.8 
628 2 636 0.2 
628 3 630 1 
628 4 628 0.8 
628 4 629 0.2 
629 0 981 1 
629 1 293 1 
629 2 633 0.8 
629 2 637 0.2 
629 3 631 1 
629 4 629 1 
630 0 982 1 
630 1 294 1 
630 2 634 0.8 
630 2 638 0.2 
630 3 628 0.5 
630 3 630 0.5 
630 4 630 0.8 
630 4 631 0.2 
631 0 983 1 
631 1 295 1 
631 2 635 0.8 
631 2 639 0.2 
631 3 629 0.5 
631 3 631 0.5 
631 4 631 1 
632 0 984 1 
632 1 296 1 
632 2 632 0.5 
632 2 636 0.5 
632 3 634 1 
632 4 632 0.8 
632 4 633 0.2 
633 0 985 1 
633 1 297 1 
633 2 633 0.5 
633 2 637 0.5 
633 3 635 1 
633 4 633 1 
634 0 986 1 
634 1 298 1 
634 2 634 0.5 
634 2 638 0.5 
634 3 632 0.5 
634 3 634 0.5 
634 4 634 0.8 
634 4 635 0.2 
635 0 987 1 
635 1 299 1 
635 2 635 0.5 
635 2 639 0.5 
635 3 633 0.5 
635 3 635 0.5 
635 4 635 1 
636 0 988 1 
636 1 300 1 
636 2 636 1 
636 3 638 1 
636 4 636 0.8 
636 4 637 0.2 
637 0 989 1 
637 1 301 1 
637 2 637 1 
637 3 639 1 
637 4 637 1 
638 0 990 1 
638 1 302 1 
638 2 638 1 
638 3 636 0.5 
638 3 638 0.5 
638 4 638 0.8 
638 4 639 0.2 
639 0 991 1 
639 1 303 1 
639 2 639 1 
639 3 637 0.5 
639 3 639 0.5 
639 4 639 1 
640 0 992 1 
640 1 304 1 
640 2 644 1 
640 3 642 1 
640 4 640 0.8 
640 4 641 0.2 
641 0 993 1 
641 1 305 1 
641 2 645 1 
641 3 643 1 
641 4 641 1 
642 0 994 1 
642 1 306 1 
642 2 646 1 
642 3 640 0.5 
642 3 642 0.5 
642 4 642 0.8 
642 4 643 0.2 
643 0 995 1 
643 1 307 1 
643 2 647 1 
643 3 641 0.5 
643 3 643 0.5 
643 4 643 1 
644 0 996 1 
644 1 308 1 
644 2 648 0.8 
644 2 652 0.2 
644 3 646 1 
644 4 644 0.8 
644 4 645 0.2 
645 0 997 1 
645 1 309 1 
645 2 649 0.8 
645 2 653 0.2 
645 3 647 1 
645 4 645 1 
646 0 998 1 
646 1 310 1 
646 2 650 0.8 
646 2 654 0.2 
646 3 644 0.5 
646 3 646 0.5 
646 4 646 0.8 
646 4 647 0.2 
647 0 999 1 
647 1 311 1 
647 2 651 0.8 
647 2 655 0.2 
647 3 645 0.5 
647 3 647 0.5 
647 4 647 1 
648 0 1000 1 
648 1 312 1 
648 2 648 0.5 
648 2 652 0.5 
648 3 650 1 
648 4 648 0.8 
648 4 649 0.2 
649 0 1001 1 
649 1 313 1 
649 2 649 0.5 
649 2 653 0.5 
649 3 651 1 
649 4 649 1 
650 0 1002 1 
650 1 314 1 
650 2 650 0.5 
650 2 654 0.5 
650 3 648 0.5 
650 3 650 0.5 
650 4 650 0.8 
650 4 651 0.2 
651 0 1003 1 
651 1 315 1 
651 2 651 0.5 
651 2 655 0.5 
651 3 649 0.5 
651 3 651 0.5 
651 4 651 1 
652 0 1004 1 
652 1 316 1 
652 2 652 1 
652 3 654 1 
652 4 652 0.8 
652 4 653 0.2 
653 0 1005 1 
653 1 317 1 
653 2 653 1 
653 3 655 1 
653 4 653 1 
654 0 1006 1 
654 1 318 1 
654 2 654 1 
654 3 652 0.5 
654 3 654 0.5 
654 4 654 0.8 
654 4 655 0.2 
655 0 1007 1 
655 1 319 1 
655 2 655 1 
655 3 653 0.5 
655 3 655 0.5 
655 4 655 1 
656 0 1008 1 
656 1 320 1 
656 2 660 1 
656 3 658 1 
656 4 656 0.8 
656 4 657 0.2 
657 0 1009 1 
657 1 321 1 
657 2 661 1 
657 3 659 1 
657 4 657 1 
658 0 1010 1 
658 1 322 1 
658 2 662 1 
658 3 656 0.5 
658 3 658 0.5 
658 4 658 0.8 
658 4 659 0.2 
659 0 1011 1 
659 1 323 1 
659 2 663 1 
659 3 657 0.5 
659 3 659 0.5 
659 4 659 1 
660 0 1012 1 
660 1 324 1 
660 2 664 0.8 
660 2 668 0.2 
660 3 662 1 
660 4 660 0.8 
660 4 661 0.2 
661 0 1013 1 
661 1 325 1 
661 2 665 0.8 
661 2 669 0.2 
661 3 663 1 
661 4 661 1 
662 0 1014 1 
662 1 326 1 
662 2 666 0.8 
662 2 670 0.2 
662 3 660 0.5 
662 3 662 0.5 
662 4 662 0.8 
662 4 663 0.2 
663 0 1015 1 
663 1 327 1 
663 2 667 0.8 
663 2 671 0.2 
663 3 661 0.5 
663 3 663 0.5 
663 4 663 1 
664 0 1016 1 
664 1 328 1 
664 2 664 0.5 
664 2 668 0.5 
664 3 666 1 
664 4 664 0.8 
664 4 665 0.2 
665 0 1017 1 
665 1 329 1 
665 2 665 0.5 
665 2 669 0.5 
665 3 667 1 
665 4 665 1 
666 0 1018 1 
666 1 330 1 
666 2 666 0.5 
666 2 670 0.5 
666 3 664 0.5 
666 3 666 0.5 
666 4 666 0.8 
666 4 667 0.2 
667 0 1019 1 
667 1 331 1 
667 2 667 0.5 
667 2 671 0.5 
667 3 665 0.5 
667 3 667 0.5 
667 4 667 1 
668 0 1020 1 
668 1 332 1 
668 2 668 1 
668 3 670 1 
668 4 668 0.8 
668 4 669 0.2 
669 0 1021 1 
669 1 333 1 
669 2 669 1 
669 3 671 1 
669 4 669 1 
670 0 1022 1 
670 1 334 1 
670 2 670 1 
670 3 668 0.5 
670 3 670 0.5 
670 4 670 0.8 
670 4 671 0.2 
671 0 1023 1 
671 1 335 1 
671 2 671 1 
671 3 669 0.5 
671 3 671 0.5 
671 4 671 1 
672 0 1024 1 
672 1 336 1 
672 2 676 1 
672 3 674 1 
672 4 672 0.8 
672 4 673 0.2 
673 0 1025 1 
673 1 337 1 
673 2 677 1 
673 3 675 1 
673 4 673 1 
674 0 1026 1 
674 1 338 1 
674 2 678 1 
674 3 672 0.5 
674 3 674 0.5 
674 4 674 0.8 
674 4 675 0.2 
675 0 1027 1 
675 1 339 1 
675 2 679 1 
675 3 673 0.5 
675 3 675 0.5 
675 4 675 1 
676 0 1028 1 
676 1 340 1 
676 2 680 0.8 
676 2 684 0.2 
676 3 678 1 
676 4 676 0.8 
676 4 677 0.2 
677 0 1029 1 
677 1 341 1 
677 2 681 0.8 
677 2 685 0.2 
677 3 679 1 
677 4 677 1 
678 0 1030 1 
678 1 342 1 
678 2 682 0.8 
678 2 686 0.2 
678 3 676 0.5 
678 3 678 0.5 
678 4 678 0.8 
678 4 679 0.2 
679 0 1031 1 
679 1 343 1 
679 2 683 0.8 
679 2 687 0.2 
679 3 677 0.5 
679 3 679 0.5 
679 4 679 1 
680 0 1032 1 
680 1 344 1 
680 2 680 0.5 
680 2 684 0.5 
680 3 682 1 
680 4 680 0.8 
680 4 681 0.2 
681 0 1033 1 
681 1 345 1 
681 2 681 0.5 
681 2 685 0.5 
681 3 683 1 
681 4 681 1 
682 0 1034 1 
682 1 346 1 
682 2 682 0.5 
682 2 686 0.5 
682 3 680 0.5 
682 3 682 0.5 
682 4 682 0.8 
682 4 683 0.2 
683 0 1035 1 
683 1 347 1 
683 2 683 0.5 
683 2 687 0.5 
683 3 681 0.5 
683 3 683 0.5 
683 4 683 1 
684 0 1036 1 
684 1 348 1 
684 2 684 1 
684 3 686 1 
684 4 684 0.8 
684 4 685 0.2 
685 0 1037 1 
685 1 349 1 
685 2 685 1 
685 3 687 1 
685 4 685 1 
686 0 1038 1 
686 1 350 1 
686 2 686 1 
686 3 684 0.5 
686 3 686 0.5 
686 4 686 0.8 
686 4 687 0.2 
687 0 1039 1 
687 1 351 1 
687 2 687 1 
687 3 685 0.5 
687 3 687 0.5 
687 4 687 1 
688 0 1040 1 
688 1 352 1 
688 2 692 1 
688 3 690 1 
688 4 688 0.8 
688 4 689 0.2 
689 0 1041 1 
689 1 353 1 
689 2 693 1 
689 3 691 1 
689 4 689 1 
690 0 1042 1 
690 1 354 1 
690 2 694 1 
690 3 688 0.5 
690 3 690 0.5 
690 4 690 0.8 
690 4 691 0.2 
691 0 1043 1 
691 1 355 1 
691 2 695 1 
691 3 689 0.5 
691 3 691 0.5 
691 4 691 1 
692 0 1044 1 
692 1 356 1 
692 2 696 0.8 
692 2 700 0.2 
692 3 694 1 
692 4 692 0.8 
692 4 693 0.2 
693 0 1045 1 
693 1 357 1 
693 2 697 0.8 
693 2 701 0.2 
693 3 695 1 
693 4 693 1 
694 0 1046 1 
694 1 358 1 
694 2 698 0.8 
694 2 702 0.2 
694 3 692 0.5 
694 3 694 0.5 
694 4 694 0.8 
694 4 695 0.2 
695 0 1047 1 
695 1 359 1 
695 2 699 0.8 
695 2 703 0.2 
695 3 693 0.5 
695 3 695 0.5 
695 4 695 1 
696 0 1048 1 
696 1 360 1 
696 2 696 0.5 
696 2 700 0.5 
696 3 698 1 
696 4 696 0.8 
696 4 697 0.2 
697 0 1049 1 
697 1 361 1 
697 2 697 0.5 
697 2 701 0.5 
697 3 699 1 
697 4 697 1 
698 0 1050 1 
698 1 362 1 
698 2 698 0.5 
698 2 702 0.5 
698 3 696 0.5 
698 3 698 0.5 
698 4 698 0.8 
698 4 699 0.2 
699 0 1051 1 
699 1 363 1 
699 2 699 0.5 
699 2 703 0.5 
699 3 697 0.5 
699 3 699 0.5 
699 4 699 1 
700 0 1052 1 
700 1 364 1 
700 2 700 1 
700 3 702 1 
700 4 700 0.8 
700 4 701 0.2 
701 0 1053 1 
701 1 365 1 
701 2 701 1 
701 3 703 1 
701 4 701 1 
702 0 1054 1 
702 1 366 1 
702 2 702 1 
702 3 700 0.5 
702 3 702 0.5 
702 4 702 0.8 
702 4 703 0.2 
703 0 1055 1 
703 1 367 1 
703 2 703 1 
703 3 701 0.5 
703 3 703 0.5 
703 4 703 1 
704 0 708 1 
704 1 706 1 
704 2 704 0.8 
704 2 705 0.2 
705 0 709 1 
705 1 707 1 
705 2 705 1 
706 0 710 1 
706 1 704 0.5 
706 1 706 0.5 
706 2 706 0.8 
706 2 707 0.2 
707 0 711 1 
707 1 705 0.5 
707 1 707 0.5 
707 2 707 1 
708 0 712 0.8 
708 0 716 0.2 
708 1 710 1 
708 2 708 0.8 
708 2 709 0.2 
709 0 713 0.8 
709 0 717 0.2 
709 1 711 1 
709 2 709 1 
710 0 714 0.8 
710 0 718 0.2 
710 1 708 0.5 
710 1 710 0.5 
710 2 710 0.8 
710 2 711 0.2 
711 0 715 0.8 
711 0 719 0.2 
711 1 709 0.5 
711 1 711 0.5 
711 2 711 1 
712 0 712 0.5 
712 0 716 0.5 
712 1 714 1 
712 2 712 0.8 
712 2 713 0.2 
713 0 713 0.5 
713 0 717 0.5 
713 1 715 1 
713 2 713 1 
714 0 714 0.5 
714 0 718 0.5 
714 1 712 0.5 
714 1 714 0.5 
714 2 714 0.8 
714 2 715 0.2 
715 0 715 0.5 
715 0 719 0.5 
715 1 713 0.5 
715 1 715 0.5 
715 2 715 1 
716 0 716 1 
716 1 718 1 
716 2 716 0.8 
716 2 717 0.2 
717 0 717 1 
717 1 719 1 
717 2 717 1 
718 0 718 1 
718 1 716 0.5 
718 1 718 0.5 
718 2 718 0.8 
718 2 719 0.2 
719 0 719 1 
719 1 717 0.5 
719 1 719 0.5 
719 2 719 1 
720 0 32 1 
720 1 724 1 
720 2 722 1 
720 3 720 0.8 
720 3 721 0.2 
721 0 33 1 
721 1 725 1 
721 2 723 1 
721 3 721 1 
722 0 34 1 
722 1 726 1 
722 2 720 0.5 
722 2 722 0.5 
722 3 722 0.8 
722 3 723 0.2 
723 0 35 1 
723 1 727 1 
723 2 721 0.5 
723 2 723 0.5 
723 3 723 1 
724 0 36 1 
724 1 728 0.8 
724 1 732 0.2 
724 2 726 1 
724 3 724 0.8 
724 3 725 0.2 
725 0 37 1 
725 1 729 0.8 
725 1 733 0.2 
725 2 727 1 
725 3 725 1 
726 0 38 1 
726 1 730 0.8 
726 1 734 0.2 
726 2 724 0.5 
726 2 726 0.5 
726 3 726 0.8 
726 3 727 0.2 
727 0 39 1 
727 1 731 0.8 
727 1 735 0.2 
727 2 725 0.5 
727 2 727 0.5 
727 3 727 1 
728 0 40 1 
728 1 728 0.5 
728 1 732 0.5 
728 2 730 1 
728 3 728 0.8 
728 3 729 0.2 
729 0 41 1 
729 1 729 0.5 
729 1 733 0.5 
729 2 731 1 
729 3 729 1 
730 0 42 1 
730 1 730 0.5 
730 1 734 0.5 
730 2 728 0.5 
730 2 730 0.5 
730 3 730 0.8 
730 3 731 0.2 
731 0 43 1 
731 1 731 0.5 
731 1 735 0.5 
731 2 729 0.5 
731 2 731 0.5 
731 3 731 1 
732 0 44 1 
732 1 732 1 
732 2 734 1 
732 3 732 0.8 
732 3 733 0.2 
733 0 45 1 
733 1 733 1 
733 2 735 1 
733 3 733 1 
734 0 46 1 
734 1 734 1 
734 2 732 0.5 
734 2 734 0.5 
734 3 734 0.8 
734 3 735 0.2 
735 0 47 1 
735 1 735 1 
735 2 733 0.5 
735 2 735 0.5 
735 3 735 1 
736 0 64 1 
736 1 740 1 
736 2 738 1 
736 3 736 0.8 
736 3 737 0.2 
737 0 65 1 
737 1 741 1 
737 2 739 1 
737 3 737 1 
738 0 66 1 
738 1 742 1 
738 2 736 0.5 
738 2 738 0.5 
738 3 738 0.8 
738 3 739 0.2 
739 0 67 1 
739 1 743 1 
739 2 737 0.5 
739 2 739 0.5 
739 3 739 1 
740 0 68 1 
740 1 744 0.8 
740 1 748 0.2 
740 2 742 1 
740 3 740 0.8 
740 3 741 0.2 
741 0 69 1 
741 1 745 0.8 
741 1 749 0.2 
741 2 743 1 
741 3 741 1 
742 0 70 1 
742 1 746 0.8 
742 1 750 0.2 
742 2 740 0.5 
742 2 742 0.5 
742 3 742 0.8 
742 3 743 0.2 
743 0 71 1 
743 1 747 0.8 
743 1 751 0.2 
743 2 741 0.5 
743 2 743 0.5 
743 3 743 1 
744 0 72 1 
744 1 744 0.5 
744 1 748 0.5 
744 2 746 1 
744 3 744 0.8 
744 3 745 0.2 
745 0 73 1 
745 1 745 0.5 
745 1 749 0.5 
745 2 747 1 
745 3 745 1 
746 0 74 1 
746 1 746 0.5 
746 1 750 0.5 
746 2 744 0.5 
746 2 746 0.5 
746 3 746 0.8 
746 3 747 0.2 
747 0 75 1 
747 1 747 0.5 
747 1 751 0.5 
747 2 745 0.5 
747 2 747 0.5 
747 3 747 1 
748 0 76 1 
748 1 748 1 
748 2 750 1 
748 3 748 0.8 
748 3 749 0.2 
749 0 77 1 
749 1 749 1 
749 2 751 1 
749 3 749 1 
750 0 78 1 
750 1 750 1 
750 2 748 0.5 
750 2 750 0.5 
750 3 750 0.8 
750 3 751 0.2 
751 0 79 1 
751 1 751 1 
751 2 749 0.5 
751 2 751 0.5 
751 3 751 1 
752 0 80 1 
752 1 756 1 
752 2 754 1 
752 3 752 0.8 
752 3 753 0.2 
753 0 81 1 
753 1 757 1 
753 2 755 1 
753 3 753 1 
754 0 82 1 
754 1 758 1 
754 2 752 0.5 
754 2 754 0.5 
754 3 754 0.8 
754 3 755 0.2 
755 0 83 1 
755 1 759 1 
755 2 753 0.5 
755 2 755 0.5 
755 3 755 1 
756 0 84 1 
756 1 760 0.8 
756 1 764 0.2 
756 2 758 1 
756 3 756 0.8 
756 3 757 0.2 
757 0 85 1 
757 1 761 0.8 
757 1 765 0.2 
757 2 759 1 
757 3 757 1 
758 0 86 1 
758 1 762 0.8 
758 1 766 0.2 
758 2 756 0.5 
758 2 758 0.5 
758 3 758 0.8 
758 3 759 0.2 
759 0 87 1 
759 1 763 0.8 
759 1 767 0.2 
759 2 757 0.5 
759 2 759 0.5 
759 3 759 1 
760 0 88 1 
760 1 760 0.5 
760 1 764 0.5 
760 2 762 1 
760 3 760 0.8 
760 3 761 0.2 
761 0 89 1 
761 1 761 0.5 
761 1 765 0.5 
761 2 763 1 
761 3 761 1 
762 0 90 1 
762 1 762 0.5 
762 1 766 0.5 
762 2 760 0.5 
762 2 762 0.5 
762 3 762 0.8 
762 3 763 0.2 
763 0 91 1 
763 1 763 0.5 
763 1 767 0.5 
763 2 761 0.5 
763 2 763 0.5 
763 3 763 1 
764 0 92 1 
764 1 764 1 
764 2 766 1 
764 3 764 0.8 
764 3 765 0.2 
765 0 93 1 
765 1 765 1 
765 2 767 1 
765 3 765 1 
766 0 94 1 
766 1 766 1 
766 2 764 0.5 
766 2 766 0.5 
766 3 766 0.8 
766 3 767 0.2 
767 0 95 1 
767 1 767 1 
767 2 765 0.5 
767 2 767 0.5 
767 3 767 1 
768 0 96 1 
768 1 772 1 
768 2 770 1 
768 3 768 0.8 
768 3 769 0.2 
769 0 97 1 
769 1 773 1 
769 2 771 1 
769 3 769 1 
770 0 98 1 
770 1 774 1 
770 2 768 0.5 
770 2 770 0.5 
770 3 770 0.8 
770 3 771 0.2 
771 0 99 1 
771 1 775 1 
771 2 769 0.5 
771 2 771 0.5 
771 3 771 1 
772 0 100 1 
772 1 776 0.8 
772 1 780 0.2 
772 2 774 1 
772 3 772 0.8 
772 3 773 0.2 
773 0 101 1 
773 1 777 0.8 
773 1 781 0.2 
773 2 775 1 
773 3 773 1 
774 0 102 1 
774 1 778 0.8 
774 1 782 0.2 
774 2 772 0.5 
774 2 774 0.5 
774 3 774 0.8 
774 3 775 0.2 
775 0 103 1 
775 1 779 0.8 
775 1 783 0.2 
775 2 773 0.5 
775 2 775 0.5 
775 3 775 1 
776 0 104 1 
776 1 776 0.5 
776 1 780 0.5 
776 2 778 1 
776 3 776 0.8 
776 3 777 0.2 
777 0 105 1 
777 1 777 0.5 
777 1 781 0.5 
777 2 779 1 
777 3 777 1 
778 0 106 1 
778 1 778 0.5 
778 1 782 0.5 
778 2 776 0.5 
778 2 778 0.5 
778 3 778 0.8 
778 3 779 0.2 
779 0 107 1 
779 1 779 0.5 
779 1 783 0.5 
779 2 777 0.5 
779 2 779 0.5 
779 3 779 1 
780 0 108 1 
780 1 780 1 
780 2 782 1 
780 3 780 0.8 
780 3 781 0.2 
781 0 109 1 
781 1 781 1 
781 2 783 1 
781 3 781 1 
782 0 110 1 
782 1 782 1 
782 2 780 0.5 
782 2 782 0.5 
782 3 782 0.8 
782 3 783 0.2 
783 0 111 1 
783 1 783 1 
783 2 781 0.5 
783 2 783 0.5 
783 3 783 1 
784 0 112 1 
784 1 788 1 
784 2 786 1 
784 3 784 0.8 
784 3 785 0.2 
785 0 113 1 
785 1 789 1 
785 2 787 1 
785 3 785 1 
786 0 114 1 
786 1 790 1 
786 2 784 0.5 
786 2 786 0.5 
786 3 786 0.8 
786 3 787 0.2 
787 0 115 1 
787 1 791 1 
787 2 785 0.5 
787 2 787 0.5 
787 3 787 1 
788 0 116 1 
788 1 792 0.8 
788 1 796 0.2 
788 2 790 1 
788 3 788 0.8 
788 3 789 0.2 
789 0 117 1 
789 1 793 0.8 
789 1 797 0.2 
789 2 791 1 
789 3 789 1 
790 0 118 1 
790 1 794 0.8 
790 1 798 0.2 
790 2 788 0.5 
790 2 790 0.5 
790 3 790 0.8 
790 3 791 0.2 
791 0 119 1 
791 1 795 0.8 
791 1 799 0.2 
791 2 789 0.5 
791 2 791 0.5 
791 3 791 1 
792 0 120 1 
792 1 792 0.5 
792 1 796 0.5 
792 2 794 1 
792 3 792 0.8 
792 3 793 0.2 
793 0 121 1 
793 1 793 0.5 
793 1 797 0.5 
793 2 795 1 
793 3 793 1 
794 0 122 1 
794 1 794 0.5 
794 1 798 0.5 
794 2 792 0.5 
794 2 794 0.5 
794 3 794 0.8 
794 3 795 0.2 
795 0 123 1 
795 1 795 0.5 
795 1 799 0.5 
795 2 793 0.5 
795 2 795 0.5 
795 3 795 1 
796 0 124 1 
796 1 796 1 
796 2 798 1 
796 3 796 0.8 
796 3 797 0.2 
797 0 125 1 
797 1 797 1 
797 2 799 1 
797 3 797 1 
798 0 126 1 
798 1 798 1 
798 2 796 0.5 
798 2 798 0.5 
798 3 798 0.8 
798 3 799 0.2 
799 0 127 1 
799 1 799 1 
799 2 797 0.5 
799 2 799 0.5 
799 3 799 1 
800 0 128 1 
800 1 804 1 
800 2 802 1 
800 3 800 0.8 
800 3 801 0.2 
801 0 129 1 
801 1 805 1 
801 2 803 1 
801 3 801 1 
802 0 130 1 
802 1 806 1 
802 2 800 0.5 
802 2 802 0.5 
802 3 802 0.8 
802 3 803 0.2 
803 0 131 1 
803 1 807 1 
803 2 801 0.5 
803 2 803 0.5 
803 3 803 1 
804 0 132 1 
804 1 808 0.8 
804 1 812 0.2 
804 2 806 1 
804 3 804 0.8 
804 3 805 0.2 
805 0 133 1 
805 1 809 0.8 
805 1 813 0.2 
805 2 807 1 
805 3 805 1 
806 0 134 1 
806 1 810 0.8 
806 1 814 0.2 
806 2 804 0.5 
806 2 806 0.5 
806 3 806 0.8 
806 3 807 0.2 
807 0 135 1 
807 1 811 0.8 
807 1 815 0.2 
807 2 805 0.5 
807 2 807 0.5 
807 3 807 1 
808 0 136 1 
808 1 808 0.5 
808 1 812 0.5 
808 2 810 1 
808 3 808 0.8 
808 3 809 0.2 
809 0 137 1 
809 1 809 0.5 
809 1 813 0.5 
809 2 811 1 
809 3 809 1 
810 0 138 1 
810 1 810 0.5 
810 1 814 0.5 
810 2 808 0.5 
810 2 810 0.5 
810 3 810 0.8 
810 3 811 0.2 
811 0 139 1 
811 1 811 0.5 
811 1 815 0.5 
811 2 809 0.5 
811 2 811 0.5 
811 3 811 1 
812 0 140 1 
812 1 812 1 
812 2 814 1 
812 3 812 0.8 
812 3 813 0.2 
813 0 141 1 
813 1 813 1 
813 2 815 1 
813 3 813 1 
814 0 142 1 
814 1 814 1 
814 2 812 0.5 
814 2 814 0.5 
814 3 814 0.8 
814 3 815 0.2 
815 0 143 1 
815 1 815 1 
815 2 813 0.5 
815 2 815 0.5 
815 3 815 1 
816 0 144 1 
816 1 820 1 
816 2 818 1 
816 3 816 0.8 
816 3 817 0.2 
817 0 145 1 
817 1 821 1 
817 2 819 1 
817 3 817 1 
818 0 146 1 
818 1 822 1 
818 2 816 0.5 
818 2 818 0.5 
818 3 818 0.8 
818 3 819 0.2 
819 0 147 1 
819 1 823 1 
819 2 817 0.5 
819 2 819 0.5 
819 3 819 1 
820 0 148 1 
820 1 824 0.8 
820 1 828 0.2 
820 2 822 1 
820 3 820 0.8 
820 3 821 0.2 
821 0 149 1 
821 1 825 0.8 
821 1 829 0.2 
821 2 823 1 
821 3 821 1 
822 0 150 1 
822 1 826 0.8 
822 1 830 0.2 
822 2 820 0.5 
822 2 822 0.5 
822 3 822 0.8 
822 3 823 0.2 
823 0 151 1 
823 1 827 0.8 
823 1 831 0.2 
823 2 821 0.5 
823 2 823 0.5 
823 3 823 1 
824 0 152 1 
824 1 824 0.5 
824 1 828 0.5 
824 2 826 1 
824 3 824 0.8 
824 3 825 0.2 
825 0 153 1 
825 1 825 0.5 
825 1 829 0.5 
825 2 827 1 
825 3 825 1 
826 0 154 1 
826 1 826 0.5 
826 1 830 0.5 
826 2 824 0.5 
826 2 826 0.5 
826 3 826 0.8 
826 3 827 0.2 
827 0 155 1 
827 1 827 0.5 
827 1 831 0.5 
827 2 825 0.5 
827 2 827 0.5 
827 3 827 1 
828 0 156 1 
828 1 828 1 
828 2 830 1 
828 3 828 0.8 
828 3 829 0.2 
829 0 157 1 
829 1 829 1 
829 2 831 1 
829 3 829 1 
830 0 158 1 
830 1 830 1 
830 2 828 0.5 
830 2 830 0.5 
830 3 830 0.8 
830 3 831 0.2 
831 0 159 1 
831 1 831 1 
831 2 829 0.5 
831 2 831 0.5 
831 3 831 1 
832 0 160 1 
832 1 836 1 
832 2 834 1 
832 3 832 0.8 
832 3 833 0.2 
833 0 161 1 
833 1 837 1 
833 2 835 1 
833 3 833 1 
834 0 162 1 
834 1 838 1 
834 2 832 0.5 
834 2 834 0.5 
834 3 834 0.8 
834 3 835 0.2 
835 0 163 1 
835 1 839 1 
835 2 833 0.5 
835 2 835 0.5 
835 3 835 1 
836 0 164 1 
836 1 840 0.8 
836 1 844 0.2 
836 2 838 1 
836 3 836 0.8 
836 3 837 0.2 
837 0 165 1 
837 1 841 0.8 
837 1 845 0.2 
837 2 839 1 
837 3 837 1 
838 0 166 1 
838 1 842 0.8 
838 1 846 0.2 
838 2 836 0.5 
838 2 838 0.5 
838 3 838 0.8 
838 3 839 0.2 
839 0 167 1 
839 1 843 0.8 
839 1 847 0.2 
839 2 837 0.5 
839 2 839 0.5 
839 3 839 1 
840 0 168 1 
840 1 840 0.5 
840 1 844 0.5 
840 2 842 1 
840 3 840 0.8 
840 3 841 0.2 
841 0 169 1 
841 1 841 0.5 
841 1 845 0.5 
841 2 843 1 
841 3 841 1 
842 0 170 1 
842 1 842 0.5 
842 1 846 0.5 
842 2 840 0.5 
842 2 842 0.5 
842 3 842 0.8 
842 3 843 0.2 
843 0 171 1 
843 1 843 0.5 
843 1 847 0.5 
843 2 841 0.5 
843 2 843 0.5 
843 3 843 1 
844 0 172 1 
844 1 844 1 
844 2 846 1 
844 3 844 0.8 
844 3 845 0.2 
845 0 173 1 
845 1 845 1 
845 2 847 1 
845 3 845 1 
846 0 174 1 
846 1 846 1 
846 2 844 0.5 
846 2 846 0.5 
846 3 846 0.8 
846 3 847 0.2 
847 0 175 1 
847 1 847 1 
847 2 845 0.5 
847 2 847 0.5 
847 3 847 1 
848 0 176 1 
848 1 852 1 
848 2 850 1 
848 3 848 0.8 
848 3 849 0.2 
849 0 177 1 
849 1 853 1 
849 2 851 1 
849 3 849 1 
850 0 178 1 
850 1 854 1 
850 2 848 0.5 
850 2 850 0.5 
850 3 850 0.8 
850 3 851 0.2 
851 0 179 1 
851 1 855 1 
851 2 849 0.5 
851 2 851 0.5 
851 3 851 1 
852 0 180 1 
852 1 856 0.8 
852 1 860 0.2 
852 2 854 1 
852 3 852 0.8 
852 3 853 0.2 
853 0 181 1 
853 1 857 0.8 
853 1 861 0.2 
853 2 855 1 
853 3 853 1 
854 0 182 1 
854 1 858 0.8 
854 1 862 0.2 
854 2 852 0.5 
854 2 854 0.5 
854 3 854 0.8 
854 3 855 0.2 
855 0 183 1 
855 1 859 0.8 
855 1 863 0.2 
855 2 853 0.5 
855 2 855 0.5 
855 3 855 1 
856 0 184 1 
856 1 856 0.5 
856 1 860 0.5 
856 2 858 1 
856 3 856 0.8 
856 3 857 0.2 
857 0 185 1 
857 1 857 0.5 
857 1 861 0.5 
857 2 859 1 
857 3 857 1 
858 0 186 1 
858 1 858 0.5 
858 1 862 0.5 
858 2 856 0.5 
858 2 858 0.5 
858 3 858 0.8 
858 3 859 0.2 
859 0 187 1 
859 1 859 0.5 
859 1 863 0.5 
859 2 857 0.5 
859 2 859 0.5 
859 3 859 1 
860 0 188 1 
860 1 860 1 
860 2 862 1 
860 3 860 0.8 
860 3 861 0.2 
861 0 189 1 
861 1 861 1 
861 2 863 1 
861 3 861 1 
862 0 190 1 
862 1 862 1 
862 2 860 0.5 
862 2 862 0.5 
862 3 862 0.8 
862 3 863 0.2 
863 0 191 1 
863 1 863 1 
863 2 861 0.5 
863 2 863 0.5 
863 3 863 1 
864 0 192 1 
864 1 868 1 
864 2 866 1 
864 3 864 0.8 
864 3 865 0.2 
865 0 193 1 
865 1 869 1 
865 2 867 1 
865 3 865 1 
866 0 194 1 
866 1 870 1 
866 2 864 0.5 
866 2 866 0.5 
866 3 866 0.8 
866 3 867 0.2 
867 0 195 1 
867 1 871 1 
867 2 865 0.5 
867 2 867 0.5 
867 3 867 1 
868 0 196 1 
868 1 872 0.8 
868 1 876 0.2 
868 2 870 1 
868 3 868 0.8 
868 3 869 0.2 
869 0 197 1 
869 1 873 0.8 
869 1 877 0.2 
869 2 871 1 
869 3 869 1 
870 0 198 1 
870 1 874 0.8 
870 1 878 0.2 
870 2 868 0.5 
870 2 870 0.5 
870 3 870 0.8 
870 3 871 0.2 
871 0 199 1 
871 1 875 0.8 
871 1 879 0.2 
871 2 869 0.5 
871 2 871 0.5 
871 3 871 1 
872 0 200 1 
872 1 872 0.5 
872 1 876 0.5 
872 2 874 1 
872 3 872 0.8 
872 3 873 0.2 
873 0 201 1 
873 1 873 0.5 
873 1 877 0.5 
873 2 875 1 
873 3 873 1 
874 0 202 1 
874 1 874 0.5 
874 1 878 0.5 
874 2 872 0.5 
874 2 874 0.5 
874 3 874 0.8 
874 3 875 0.2 
875 0 203 1 
875 1 875 0.5 
875 1 879 0.5 
875 2 873 0.5 
875 2 875 0.5 
875 3 875 1 
876 0 204 1 
876 1 876 1 
876 2 878 1 
876 3 876 0.8 
876 3 877 0.2 
877 0 205 1 
877 1 877 1 
877 2 879 1 
877 3 877 1 
878 0 206 1 
878 1 878 1 
878 2 876 0.5 
878 2 878 0.5 
878 3 878 0.8 
878 3 879 0.2 
879 0 207 1 
879 1 879 1 
879 2 877 0.5 
879 2 879 0.5 
879 3 879 1 
880 0 208 1 
880 1 884 1 
880 2 882 1 
880 3 880 0.8 
880 3 881 0.2 
881 0 209 1 
881 1 885 1 
881 2 883 1 
881 3 881 1 
882 0 210 1 
882 1 886 1 
882 2 880 0.5 
882 2 882 0.5 
882 3 882 0.8 
882 3 883 0.2 
883 0 211 1 
883 1 887 1 
883 2 881 0.5 
883 2 883 0.5 
883 3 883 1 
884 0 212 1 
884 1 888 0.8 
884 1 892 0.2 
884 2 886 1 
884 3 884 0.8 
884 3 885 0.2 
885 0 213 1 
885 1 889 0.8 
885 1 893 0.2 
885 2 887 1 
885 3 885 1 
886 0 214 1 
886 1 890 0.8 
886 1 894 0.2 
886 2 884 0.5 
886 2 886 0.5 
886 3 886 0.8 
886 3 887 0.2 
887 0 215 1 
887 1 891 0.8 
887 1 895 0.2 
887 2 885 0.5 
887 2 887 0.5 
887 3 887 1 
888 0 216 1 
888 1 888 0.5 
888 1 892 0.5 
888 2 890 1 
888 3 888 0.8 
888 3 889 0.2 
889 0 217 1 
889 1 889 0.5 
889 1 893 0.5 
889 2 891 1 
889 3 889 1 
890 0 218 1 
890 1 890 0.5 
890 1 894 0.5 
890 2 888 0.5 
890 2 890 0.5 
890 3 890 0.8 
890 3 891 0.2 
891 0 219 1 
891 1 891 0.5 
891 1 895 0.5 
891 2 889 0.5 
891 2 891 0.5 
891 3 891 1 
892 0 220 1 
892 1 892 1 
892 2 894 1 
892 3 892 0.8 
892 3 893 0.2 
893 0 221 1 
893 1 893 1 
893 2 895 1 
893 3 893 1 
894 0 222 1 
894 1 894 1 
894 2 892 0.5 
894 2 894 0.5 
894 3 894 0.8 
894 3 895 0.2 
895 0 223 1 
895 1 895 1 
895 2 893 0.5 
895 2 895 0.5 
895 3 895 1 
896 0 224 1 
896 1 900 1 
896 2 898 1 
896 3 896 0.8 
896 3 897 0.2 
897 0 225 1 
897 1 901 1 
897 2 899 1 
897 3 897 1 
898 0 226 1 
898 1 902 1 
898 2 896 0.5 
898 2 898 0.5 
898 3 898 0.8 
898 3 899 0.2 
899 0 227 1 
899 1 903 1 
899 2 897 0.5 
899 2 899 0.5 
899 3 899 1 
900 0 228 1 
900 1 904 0.8 
900 1 908 0.2 
900 2 902 1 
900 3 900 0.8 
900 3 901 0.2 
901 0 229 1 
901 1 905 0.8 
901 1 909 0.2 
901 2 903 1 
901 3 901 1 
902 0 230 1 
902 1 906 0.8 
902 1 910 0.2 
902 2 900 0.5 
902 2 902 0.5 
902 3 902 0.8 
902 3 903 0.2 
903 0 231 1 
903 1 907 0.8 
903 1 911 0.2 
903 2 901 0.5 
903 2 903 0.5 
903 3 903 1 
904 0 232 1 
904 1 904 0.5 
904 1 908 0.5 
904 2 906 1 
904 3 904 0.8 
904 3 905 0.2 
905 0 233 1 
905 1 905 0.5 
905 1 909 0.5 
905 2 907 1 
905 3 905 1 
906 0 234 1 
906 1 906 0.5 
906 1 910 0.5 
906 2 904 0.5 
906 2 906 0.5 
906 3 906 0.8 
906 3 907 0.2 
907 0 235 1 
907 1 907 0.5 
907 1 911 0.5 
907 2 905 0.5 
907 2 907 0.5 
907 3 907 1 
908 0 236 1 
908 1 908 1 
908 2 910 1 
908 3 908 0.8 
908 3 909 0.2 
909 0 237 1 
909 1 909 1 
909 2 911 1 
909 3 909 1 
910 0 238 1 
910 1 910 1 
910 2 908 0.5 
910 2 910 0.5 
910 3 910 0.8 
910 3 911 0.2 
911 0 239 1 
911 1 911 1 
911 2 909 0.5 
911 2 911 0.5 
911 3 911 1 
912 0 240 1 
912 1 916 1 
912 2 914 1 
912 3 912 0.8 
912 3 913 0.2 
913 0 241 1 
913 1 917 1 
913 2 915 1 
913 3 913 1 
914 0 242 1 
914 1 918 1 
914 2 912 0.5 
914 2 914 0.5 
914 3 914 0.8 
914 3 915 0.2 
915 0 243 1 
915 1 919 1 
915 2 913 0.5 
915 2 915 0.5 
915 3 915 1 
916 0 244 1 
916 1 920 0.8 
916 1 924 0.2 
916 2 918 1 
916 3 916 0.8 
916 3 917 0.2 
917 0 245 1 
917 1 921 0.8 
917 1 925 0.2 
917 2 919 1 
917 3 917 1 
918 0 246 1 
918 1 922 0.8 
918 1 926 0.2 
918 2 916 0.5 
918 2 918 0.5 
918 3 918 0.8 
918 3 919 0.2 
919 0 247 1 
919 1 923 0.8 
919 1 927 0.2 
919 2 917 0.5 
919 2 919 0.5 
919 3 919 1 
920 0 248 1 
920 1 920 0.5 
920 1 924 0.5 
920 2 922 1 
920 3 920 0.8 
920 3 921 0.2 
921 0 249 1 
921 1 921 0.5 
921 1 925 0.5 
921 2 923 1 
921 3 921 1 
922 0 250 1 
922 1 922 0.5 
922 1 926 0.5 
922 2 920 0.5 
922 2 922 0.5 
922 3 922 0.8 
922 3 923 0.2 
923 0 251 1 
923 1 923 0.5 
923 1 927 0.5 
923 2 921 0.5 
923 2 923 0.5 
923 3 923 1 
924 0 252 1 
924 1 924 1 
924 2 926 1 
924 3 924 0.8 
924 3 925 0.2 
925 0 253 1 
925 1 925 1 
925 2 927 1 
925 3 925 1 
926 0 254 1 
926 1 926 1 
926 2 924 0.5 
926 2 926 0.5 
926 3 926 0.8 
926 3 927 0.2 
927 0 255 1 
927 1 927 1 
927 2 925 0.5 
927 2 927 0.5 
927 3 927 1 
928 0 256 1 
928 1 932 1 
928 2 930 1 
928 3 928 0.8 
928 3 929 0.2 
929 0 257 1 
929 1 933 1 
929 2 931 1 
929 3 929 1 
930 0 258 1 
930 1 934 1 
930 2 928 0.5 
930 2 930 0.5 
930 3 930 0.8 
930 3 931 0.2 
931 0 259 1 
931 1 935 1 
931 2 929 0.5 
931 2 931 0.5 
931 3 931 1 
932 0 260 1 
932 1 936 0.8 
932 1 940 0.2 
932 2 934 1 
932 3 932 0.8 
932 3 933 0.2 
933 0 261 1 
933 1 937 0.8 
933 1 941 0.2 
933 2 935 1 
933 3 933 1 
934 0 262 1 
934 1 938 0.8 
934 1 942 0.2 
934 2 932 0.5 
934 2 934 0.5 
934 3 934 0.8 
934 3 935 0.2 
935 0 263 1 
935 1 939 0.8 
935 1 943 0.2 
935 2 933 0.5 
935 2 935 0.5 
935 3 935 1 
936 0 264 1 
936 1 936 0.5 
936 1 940 0.5 
936 2 938 1 
936 3 936 0.8 
936 3 937 0.2 
937 0 265 1 
937 1 937 0.5 
937 1 941 0.5 
937 2 939 1 
937 3 937 1 
938 0 266 1 
938 1 938 0.5 
938 1 942 0.5 
938 2 936 0.5 
938 2 938 0.5 
938 3 938 0.8 
938 3 939 0.2 
939 0 267 1 
939 1 939 0.5 
939 1 943 0.5 
939 2 937 0.5 
939 2 939 0.5 
939 3 939 1 
940 0 268 1 
940 1 940 1 
940 2 942 1 
940 3 940 0.8 
940 3 941 0.2 
941 0 269 1 
941 1 941 1 
941 2 943 1 
941 3 941 1 
942 0 270 1 
942 1 942 1 
942 2 940 0.5 
942 2 942 0.5 
942 3 942 0.8 
942 3 943 0.2 
943 0 271 1 
943 1 943 1 
943 2 941 0.5 
943 2 943 0.5 
943 3 943 1 
944 0 272 1 
944 1 948 1 
944 2 946 1 
944 3 944 0.8 
944 3 945 0.2 
945 0 273 1 
945 1 949 1 
945 2 947 1 
945 3 945 1 
946 0 274 1 
946 1 950 1 
946 2 944 0.5 
946 2 946 0.5 
946 3 946 0.8 
946 3 947 0.2 
947 0 275 1 
947 1 951 1 
947 2 945 0.5 
947 2 947 0.5 
947 3 947 1 
948 0 276 1 
948 1 952 0.8 
948 1 956 0.2 
948 2 950 1 
948 3 948 0.8 
948 3 949 0.2 
949 0 277 1 
949 1 953 0.8 
949 1 957 0.2 
949 2 951 1 
949 3 949 1 
950 0 278 1 
950 1 954 0.8 
950 1 958 0.2 
950 2 948 0.5 
950 2 950 0.5 
950 3 950 0.8 
950 3 951 0.2 
951 0 279 1 
951 1 955 0.8 
951 1 959 0.2 
951 2 949 0.5 
951 2 951 0.5 
951 3 951 1 
952 0 280 1 
952 1 952 0.5 
952 1 956 0.5 
952 2 954 1 
952 3 952 0.8 
952 3 953 0.2 
953 0 281 1 
953 1 953 0.5 
953 1 957 0.5 
953 2 955 1 
953 3 953 1 
954 0 282 1 
954 1 954 0.5 
954 1 958 0.5 
954 2 952 0.5 
954 2 954 0.5 
954 3 954 0.8 
954 3 955 0.2 
955 0 283 1 
955 1 955 0.5 
955 1 959 0.5 
955 2 953 0.5 
955 2 955 0.5 
955 3 955 1 
956 0 284 1 
956 1 956 1 
956 2 958 1 
956 3 956 0.8 
956 3 957 0.2 
957 0 285 1 
957 1 957 1 
957 2 959 1 
957 3 957 1 
958 0 286 1 
958 1 958 1 
958 2 956 0.5 
958 2 958 0.5 
958 3 958 0.8 
958 3 959 0.2 
959 0 287 1 
959 1 959 1 
959 2 957 0.5 
959 2 959 0.5 
959 3 959 1 
960 0 288 1 
960 1 964 1 
960 2 962 1 
960 3 960 0.8 
960 3 961 0.2 
961 0 289 1 
961 1 965 1 
961 2 963 1 
961 3 961 1 
962 0 290 1 
962 1 966 1 
962 2 960 0.5 
962 2 962 0.5 
962 3 962 0.8 
962 3 963 0.2 
963 0 291 1 
963 1 967 1 
963 2 961 0.5 
963 2 963 0.5 
963 3 963 1 
964 0 292 1 
964 1 968 0.8 
964 1 972 0.2 
964 2 966 1 
964 3 964 0.8 
964 3 965 0.2 
965 0 293 1 
965 1 969 0.8 
965 1 973 0.2 
965 2 967 1 
965 3 965 1 
966 0 294 1 
966 1 970 0.8 
966 1 974 0.2 
966 2 964 0.5 
966 2 966 0.5 
966 3 966 0.8 
966 3 967 0.2 
967 0 295 1 
967 1 971 0.8 
967 1 975 0.2 
967 2 965 0.5 
967 2 967 0.5 
967 3 967 1 
968 0 296 1 
968 1 968 0.5 
968 1 972 0.5 
968 2 970 1 
968 3 968 0.8 
968 3 969 0.2 
969 0 297 1 
969 1 969 0.5 
969 1 973 0.5 
969 2 971 1 
969 3 969 1 
970 0 298 1 
970 1 970 0.5 
970 1 974 0.5 
970 2 968 0.5 
970 2 970 0.5 
970 3 970 0.8 
970 3 971 0.2 
971 0 299 1 
971 1 971 0.5 
971 1 975 0.5 
971 2 969 0.5 
971 2 971 0.5 
971 3 971 1 
972 0 300 1 
972 1 972 1 
972 2 974 1 
972 3 972 0.8 
972 3 973 0.2 
973 0 301 1 
973 1 973 1 
973 2 975 1 
973 3 973 1 
974 0 302 1 
974 1 974 1 
974 2 972 0.5 
974 2 974 0.5 
974 3 974 0.8 
974 3 975 0.2 
975 0 303 1 
975 1 975 1 
975 2 973 0.5 
975 2 975 0.5 
975 3 975 1 
976 0 304 1 
976 1 980 1 
976 2 978 1 
976 3 976 0.8 
976 3 977 0.2 
977 0 305 1 
977 1 981 1 
977 2 979 1 
977 3 977 1 
978 0 306 1 
978 1 982 1 
978 2 976 0.5 
978 2 978 0.5 
978 3 978 0.8 
978 3 979 0.2 
979 0 307 1 
979 1 983 1 
979 2 977 0.5 
979 2 979 0.5 
979 3 979 1 
980 0 308 1 
980 1 984 0.8 
980 1 988 0.2 
980 2 982 1 
980 3 980 0.8 
980 3 981 0.2 
981 0 309 1 
981 1 985 0.8 
981 1 989 0.2 
981 2 983 1 
981 3 981 1 
982 0 310 1 
982 1 986 0.8 
982 1 990 0.2 
982 2 980 0.5 
982 2 982 0.5 
982 3 982 0.8 
982 3 983 0.2 
983 0 311 1 
983 1 987 0.8 
983 1 991 0.2 
983 2 981 0.5 
983 2 983 0.5 
983 3 983 1 
984 0 312 1 
984 1 984 0.5 
984 1 988 0.5 
984 2 986 1 
984 3 984 0.8 
984 3 985 0.2 
985 0 313 1 
985 1 985 0.5 
985 1 989 0.5 
985 2 987 1 
985 3 985 1 
986 0 314 1 
986 1 986 0.5 
986 1 990 0.5 
986 2 984 0.5 
986 2 986 0.5 
986 3 986 0.8 
986 3 987 0.2 
987 0 315 1 
987 1 987 0.5 
987 1 991 0.5 
987 2 985 0.5 
987 2 987 0.5 
987 3 987 1 
988 0 316 1 
988 1 988 1 
988 2 990 1 
988 3 988 0.8 
988 3 989 0.2 
989 0 317 1 
989 1 989 1 
989 2 991 1 
989 3 989 1 
990 0 318 1 
990 1 990 1 
990 2 988 0.5 
990 2 990 0.5 
990 3 990 0.8 
990 3 991 0.2 
991 0 319 1 
991 1 991 1 
991 2 989 0.5 
991 2 991 0.5 
991 3 991 1 
992 0 320 1 
992 1 996 1 
992 2 994 1 
992 3 992 0.8 
992 3 993 0.2 
993 0 321 1 
993 1 997 1 
993 2 995 1 
993 3 993 1 
994 0 322 1 
994 1 998 1 
994 2 992 0.5 
994 2 994 0.5 
994 3 994 0.8 
994 3 995 0.2 
995 0 323 1 
995 1 999 1 
995 2 993 0.5 
995 2 995 0.5 
995 3 995 1 
996 0 324 1 
996 1 1000 0.8 
996 1 1004 0.2 
996 2 998 1 
996 3 996 0.8 
996 3 997 0.2 
997 0 325 1 
997 1 1001 0.8 
997 1 1005 0.2 
997 2 999 1 
997 3 997 1 
998 0 326 1 
998 1 1002 0.8 
998 1 1006 0.2 
998 2 996 0.5 
998 2 998 0.5 
998 3 998 0.8 
998 3 999 0.2 
999 0 327 1 
999 1 1003 0.8 
999 1 1007 0.2 
999 2 997 0.5 
999 2 999 0.5 
999 3 999 1 
1000 0 328 1 
1000 1 1000 0.5 
1000 1 1004 0.5 
1000 2 1002 1 
1000 3 1000 0.8 
1000 3 1001 0.2 
1001 0 329 1 
1001 1 1001 0.5 
1001 1 1005 0.5 
1001 2 1003 1 
1001 3 1001 1 
1002 0 330 1 
1002 1 1002 0.5 
1002 1 1006 0.5 
1002 2 1000 0.5 
1002 2 1002 0.5 
1002 3 1002 0.8 
1002 3 1003 0.2 
1003 0 331 1 
1003 1 1003 0.5 
1003 1 1007 0.5 
1003 2 1001 0.5 
1003 2 1003 0.5 
1003 3 1003 1 
1004 0 332 1 
1004 1 1004 1 
1004 2 1006 1 
1004 3 1004 0.8 
1004 3 1005 0.2 
1005 0 333 1 
1005 1 1005 1 
1005 2 1007 1 
1005 3 1005 1 
1006 0 334 1 
1006 1 1006 1 
1006 2 1004 0.5 
1006 2 1006 0.5 
1006 3 1006 0.8 
1006 3 1007 0.2 
1007 0 335 1 
1007 1 1007 1 
1007 2 1005 0.5 
1007 2 1007 0.5 
1007 3 1007 1 
1008 0 336 1 
1008 1 1012 1 
1008 2 1010 1 
1008 3 1008 0.8 
1008 3 1009 0.2 
1009 0 337 1 
1009 1 1013 1 
1009 2 1011 1 
1009 3 1009 1 
1010 0 338 1 
1010 1 1014 1 
1010 2 1008 0.5 
1010 2 1010 0.5 
1010 3 1010 0.8 
1010 3 1011 0.2 
1011 0 339 1 
1011 1 1015 1 
1011 2 1009 0.5 
1011 2 1011 0.5 
1011 3 1011 1 
1012 0 340 1 
1012 1 1016 0.8 
1012 1 1020 0.2 
1012 2 1014 1 
1012 3 1012 0.8 
1012 3 1013 0.2 
1013 0 341 1 
1013 1 1017 0.8 
1013 1 1021 0.2 
1013 2 1015 1 
1013 3 1013 1 
1014 0 342 1 
1014 1 1018 0.8 
1014 1 1022 0.2 
1014 2 1012 0.5 
1014 2 1014 0.5 
1014 3 1014 0.8 
1014 3 1015 0.2 
1015 0 343 1 
1015 1 1019 0.8 
1015 1 1023 0.2 
1015 2 1013 0.5 
1015 2 1015 0.5 
1015 3 1015 1 
1016 0 344 1 
1016 1 1016 0.5 
1016 1 1020 0.5 
1016 2 1018 1 
1016 3 1016 0.8 
1016 3 1017 0.2 
1017 0 345 1 
1017 1 1017 0.5 
1017 1 1021 0.5 
1017 2 1019 1 
1017 3 1017 1 
1018 0 346 1 
1018 1 1018 0.5 
1018 1 1022 0.5 
1018 2 1016 0.5 
1018 2 1018 0.5 
1018 3 1018 0.8 
1018 3 1019 0.2 
1019 0 347 1 
1019 1 1019 0.5 
1019 1 1023 0.5 
1019 2 1017 0.5 
1019 2 1019 0.5 
1019 3 1019 1 
1020 0 348 1 
1020 1 1020 1 
1020 2 1022 1 
1020 3 1020 0.8 
1020 3 1021 0.2 
1021 0 349 1 
1021 1 1021 1 
1021 2 1023 1 
1021 3 1021 1 
1022 0 350 1 
1022 1 1022 1 
1022 2 1020 0.5 
1022 2 1022 0.5 
1022 3 1022 0.8 
1022 3 1023 0.2 
1023 0 351 1 
1023 1 1023 1 
1023 2 1021 0.5 
1023 2 1023 0.5 
1023 3 1023 1 
1024 0 352 1 
1024 1 1028 1 
1024 2 1026 1 
1024 3 1024 0.8 
1024 3 1025 0.2 
1025 0 353 1 
1025 1 1029 1 
1025 2 1027 1 
1025 3 1025 1 
1026 0 354 1 
1026 1 1030 1 
1026 2 1024 0.5 
1026 2 1026 0.5 
1026 3 1026 0.8 
1026 3 1027 0.2 
1027 0 355 1 
1027 1 1031 1 
1027 2 1025 0.5 
1027 2 1027 0.5 
1027 3 1027 1 
1028 0 356 1 
1028 1 1032 0.8 
1028 1 1036 0.2 
1028 2 1030 1 
1028 3 1028 0.8 
1028 3 1029 0.2 
1029 0 357 1 
1029 1 1033 0.8 
1029 1 1037 0.2 
1029 2 1031 1 
1029 3 1029 1 
1030 0 358 1 
1030 1 1034 0.8 
1030 1 1038 0.2 
1030 2 1028 0.5 
1030 2 1030 0.5 
1030 3 1030 0.8 
1030 3 1031 0.2 
1031 0 359 1 
1031 1 1035 0.8 
1031 1 1039 0.2 
1031 2 1029 0.5 
1031 2 1031 0.5 
1031 3 1031 1 
1032 0 360 1 
1032 1 1032 0.5 
1032 1 1036 0.5 
1032 2 1034 1 
1032 3 1032 0.8 
1032 3 1033 0.2 
1033 0 361 1 
1033 1 1033 0.5 
1033 1 1037 0.5 
1033 2 1035 1 
1033 3 1033 1 
1034 0 362 1 
1034 1 1034 0.5 
1034 1 1038 0.5 
1034 2 1032 0.5 
1034 2 1034 0.5 
1034 3 1034 0.8 
1034 3 1035 0.2 
1035 0 363 1 
1035 1 1035 0.5 
1035 1 1039 0.5 
1035 2 1033 0.5 
1035 2 1035 0.5 
1035 3 1035 1 
1036 0 364 1 
1036 1 1036 1 
1036 2 1038 1 
1036 3 1036 0.8 
1036 3 1037 0.2 
1037 0 365 1 
1037 1 1037 1 
1037 2 1039 1 
1037 3 1037 1 
1038 0 366 1 
1038 1 1038 1 
1038 2 1036 0.5 
1038 2 1038 0.5 
1038 3 1038 0.8 
1038 3 1039 0.2 
1039 0 367 1 
1039 1 1039 1 
1039 2 1037 0.5 
1039 2 1039 0.5 
1039 3 1039 1 
1040 0 1044 1 
1040 1 1042 1 
1040 2 1040 0.8 
1040 2 1041 0.2 
1041 0 1045 1 
1041 1 1043 1 
1041 2 1041 1 
1042 0 1046 1 
1042 1 1040 0.5 
1042 1 1042 0.5 
1042 2 1042 0.8 
1042 2 1043 0.2 
1043 0 1047 1 
1043 1 1041 0.5 
1043 1 1043 0.5 
1043 2 1043 1 
1044 0 1048 0.8 
1044 0 1052 0.2 
1044 1 1046 1 
1044 2 1044 0.8 
1044 2 1045 0.2 
1045 0 1049 0.8 
1045 0 1053 0.2 
1045 1 1047 1 
1045 2 1045 1 
1046 0 1050 0.8 
1046 0 1054 0.2 
1046 1 1044 0.5 
1046 1 1046 0.5 
1046 2 1046 0.8 
1046 2 1047 0.2 
1047 0 1051 0.8 
1047 0 1055 0.2 
1047 1 1045 0.5 
1047 1 1047 0.5 
1047 2 1047 1 
1048 0 1048 0.5 
1048 0 1052 0.5 
1048 1 1050 1 
1048 2 1048 0.8 
1048 2 1049 0.2 
1049 0 1049 0.5 
1049 0 1053 0.5 
1049 1 1051 1 
1049 2 1049 1 
1050 0 1050 0.5 
1050 0 1054 0.5 
1050 1 1048 0.5 
1050 1 1050 0.5 
1050 2 1050 0.8 
1050 2 1051 0.2 
1051 0 1051 0.5 
1051 0 1055 0.5 
1051 1 1049 0.5 
1051 1 1051 0.5 
1051 2 1051 1 
1052 0 1052 1 
1052 1 1054 1 
1052 2 1052 0.8 
1052 2 1053 0.2 
1053 0 1053 1 
1053 1 1055 1 
1053 2 1053 1 
1054 0 1054 1 
1054 1 1052 0.5 
1054 1 1054 0.5 
1054 2 1054 0.8 
1054 2 1055 0.2 
1055 0 1055 1 
1055 1 1053 0.5 
1055 1 1055 0.5 
1055 2 1055 1 
