0 0 184 1 
0 1 4 1 
0 2 2 1 
0 3 0 0.9 
0 3 1 0.1 
1 0 185 1 
1 1 5 1 
1 2 3 1 
1 3 0 1 
2 0 186 1 
2 1 6 1 
2 2 0 1 
2 3 2 0.9 
2 3 3 0.1 
3 0 187 1 
3 1 7 1 
3 2 1 1 
3 3 2 1 
4 0 188 1 
4 1 0 1 
4 2 6 1 
4 3 4 0.9 
4 3 5 0.1 
5 0 189 1 
5 1 1 1 
5 2 7 1 
5 3 4 1 
6 0 190 1 
6 1 2 1 
6 2 4 1 
6 3 6 0.9 
6 3 7 0.1 
7 0 191 1 
7 1 3 1 
7 2 5 1 
7 3 6 1 
8 0 192 1 
8 1 12 1 
8 2 10 1 
8 3 8 0.9 
8 3 9 0.1 
9 0 193 1 
9 1 13 1 
9 2 11 1 
9 3 8 1 
10 0 194 1 
10 1 14 1 
10 2 8 1 
10 3 10 0.9 
10 3 11 0.1 
11 0 195 1 
11 1 15 1 
11 2 9 1 
11 3 10 1 
12 0 196 1 
12 1 8 1 
12 2 14 1 
12 3 12 0.9 
12 3 13 0.1 
13 0 197 1 
13 1 9 1 
13 2 15 1 
13 3 12 1 
14 0 198 1 
14 1 10 1 
14 2 12 1 
14 3 14 0.9 
14 3 15 0.1 
15 0 199 1 
15 1 11 1 
15 2 13 1 
15 3 14 1 
16 0 200 1 
16 1 20 1 
16 2 18 1 
16 3 16 0.9 
16 3 17 0.1 
17 0 201 1 
17 1 21 1 
17 2 19 1 
17 3 16 1 
18 0 202 1 
18 1 22 1 
18 2 16 1 
18 3 18 0.9 
18 3 19 0.1 
19 0 203 1 
19 1 23 1 
19 2 17 1 
19 3 18 1 
20 0 204 1 
20 1 16 1 
20 2 22 1 
20 3 20 0.9 
20 3 21 0.1 
21 0 205 1 
21 1 17 1 
21 2 23 1 
21 3 20 1 
22 0 206 1 
22 1 18 1 
22 2 20 1 
22 3 22 0.9 
22 3 23 0.1 
23 0 207 1 
23 1 19 1 
23 2 21 1 
23 3 22 1 
24 0 208 1 
24 1 28 1 
24 2 26 1 
24 3 24 0.9 
24 3 25 0.1 
25 0 209 1 
25 1 29 1 
25 2 27 1 
25 3 24 1 
26 0 210 1 
26 1 30 1 
26 2 24 1 
26 3 26 0.9 
26 3 27 0.1 
27 0 211 1 
27 1 31 1 
27 2 25 1 
27 3 26 1 
28 0 212 1 
28 1 24 1 
28 2 30 1 
28 3 28 0.9 
28 3 29 0.1 
29 0 213 1 
29 1 25 1 
29 2 31 1 
29 3 28 1 
30 0 214 1 
30 1 26 1 
30 2 28 1 
30 3 30 0.9 
30 3 31 0.1 
31 0 215 1 
31 1 27 1 
31 2 29 1 
31 3 30 1 
32 0 216 1 
32 1 36 1 
32 2 34 1 
32 3 32 0.9 
32 3 33 0.1 
33 0 217 1 
33 1 37 1 
33 2 35 1 
33 3 32 1 
34 0 218 1 
34 1 38 1 
34 2 32 1 
34 3 34 0.9 
34 3 35 0.1 
35 0 219 1 
35 1 39 1 
35 2 33 1 
35 3 34 1 
36 0 220 1 
36 1 32 1 
36 2 38 1 
36 3 36 0.9 
36 3 37 0.1 
37 0 221 1 
37 1 33 1 
37 2 39 1 
37 3 36 1 
38 0 222 1 
38 1 34 1 
38 2 36 1 
38 3 38 0.9 
38 3 39 0.1 
39 0 223 1 
39 1 35 1 
39 2 37 1 
39 3 38 1 
40 0 224 1 
40 1 44 1 
40 2 42 1 
40 3 40 0.9 
40 3 41 0.1 
41 0 225 1 
41 1 45 1 
41 2 43 1 
41 3 40 1 
42 0 226 1 
42 1 46 1 
42 2 40 1 
42 3 42 0.9 
42 3 43 0.1 
43 0 227 1 
43 1 47 1 
43 2 41 1 
43 3 42 1 
44 0 228 1 
44 1 40 1 
44 2 46 1 
44 3 44 0.9 
44 3 45 0.1 
45 0 229 1 
45 1 41 1 
45 2 47 1 
45 3 44 1 
46 0 230 1 
46 1 42 1 
46 2 44 1 
46 3 46 0.9 
46 3 47 0.1 
47 0 231 1 
47 1 43 1 
47 2 45 1 
47 3 46 1 
48 0 232 1 
48 1 52 1 
48 2 50 1 
48 3 48 0.9 
48 3 49 0.1 
49 0 233 1 
49 1 53 1 
49 2 51 1 
49 3 48 1 
50 0 234 1 
50 1 54 1 
50 2 48 1 
50 3 50 0.9 
50 3 51 0.1 
51 0 235 1 
51 1 55 1 
51 2 49 1 
51 3 50 1 
52 0 236 1 
52 1 48 1 
52 2 54 1 
52 3 52 0.9 
52 3 53 0.1 
53 0 237 1 
53 1 49 1 
53 2 55 1 
53 3 52 1 
54 0 238 1 
54 1 50 1 
54 2 52 1 
54 3 54 0.9 
54 3 55 0.1 
55 0 239 1 
55 1 51 1 
55 2 53 1 
55 3 54 1 
56 0 240 1 
56 1 60 1 
56 2 58 1 
56 3 56 0.9 
56 3 57 0.1 
57 0 241 1 
57 1 61 1 
57 2 59 1 
57 3 56 1 
58 0 242 1 
58 1 62 1 
58 2 56 1 
58 3 58 0.9 
58 3 59 0.1 
59 0 243 1 
59 1 63 1 
59 2 57 1 
59 3 58 1 
60 0 244 1 
60 1 56 1 
60 2 62 1 
60 3 60 0.9 
60 3 61 0.1 
61 0 245 1 
61 1 57 1 
61 2 63 1 
61 3 60 1 
62 0 246 1 
62 1 58 1 
62 2 60 1 
62 3 62 0.9 
62 3 63 0.1 
63 0 247 1 
63 1 59 1 
63 2 61 1 
63 3 62 1 
64 0 248 1 
64 1 68 1 
64 2 66 1 
64 3 64 0.9 
64 3 65 0.1 
65 0 249 1 
65 1 69 1 
65 2 67 1 
65 3 64 1 
66 0 250 1 
66 1 70 1 
66 2 64 1 
66 3 66 0.9 
66 3 67 0.1 
67 0 251 1 
67 1 71 1 
67 2 65 1 
67 3 66 1 
68 0 252 1 
68 1 64 1 
68 2 70 1 
68 3 68 0.9 
68 3 69 0.1 
69 0 253 1 
69 1 65 1 
69 2 71 1 
69 3 68 1 
70 0 254 1 
70 1 66 1 
70 2 68 1 
70 3 70 0.9 
70 3 71 0.1 
71 0 255 1 
71 1 67 1 
71 2 69 1 
71 3 70 1 
72 0 256 1 
72 1 76 1 
72 2 74 1 
72 3 72 0.9 
72 3 73 0.1 
73 0 257 1 
73 1 77 1 
73 2 75 1 
73 3 72 1 
74 0 258 1 
74 1 78 1 
74 2 72 1 
74 3 74 0.9 
74 3 75 0.1 
75 0 259 1 
75 1 79 1 
75 2 73 1 
75 3 74 1 
76 0 260 1 
76 1 72 1 
76 2 78 1 
76 3 76 0.9 
76 3 77 0.1 
77 0 261 1 
77 1 73 1 
77 2 79 1 
77 3 76 1 
78 0 262 1 
78 1 74 1 
78 2 76 1 
78 3 78 0.9 
78 3 79 0.1 
79 0 263 1 
79 1 75 1 
79 2 77 1 
79 3 78 1 
80 0 264 1 
80 1 84 1 
80 2 82 1 
80 3 80 0.9 
80 3 81 0.1 
81 0 265 1 
81 1 85 1 
81 2 83 1 
81 3 80 1 
82 0 266 1 
82 1 86 1 
82 2 80 1 
82 3 82 0.9 
82 3 83 0.1 
83 0 267 1 
83 1 87 1 
83 2 81 1 
83 3 82 1 
84 0 268 1 
84 1 80 1 
84 2 86 1 
84 3 84 0.9 
84 3 85 0.1 
85 0 269 1 
85 1 81 1 
85 2 87 1 
85 3 84 1 
86 0 270 1 
86 1 82 1 
86 2 84 1 
86 3 86 0.9 
86 3 87 0.1 
87 0 271 1 
87 1 83 1 
87 2 85 1 
87 3 86 1 
88 0 272 1 
88 1 92 1 
88 2 90 1 
88 3 88 0.9 
88 3 89 0.1 
89 0 273 1 
89 1 93 1 
89 2 91 1 
89 3 88 1 
90 0 274 1 
90 1 94 1 
90 2 88 1 
90 3 90 0.9 
90 3 91 0.1 
91 0 275 1 
91 1 95 1 
91 2 89 1 
91 3 90 1 
92 0 276 1 
92 1 88 1 
92 2 94 1 
92 3 92 0.9 
92 3 93 0.1 
93 0 277 1 
93 1 89 1 
93 2 95 1 
93 3 92 1 
94 0 278 1 
94 1 90 1 
94 2 92 1 
94 3 94 0.9 
94 3 95 0.1 
95 0 279 1 
95 1 91 1 
95 2 93 1 
95 3 94 1 
96 0 280 1 
96 1 100 1 
96 2 98 1 
96 3 96 0.9 
96 3 97 0.1 
97 0 281 1 
97 1 101 1 
97 2 99 1 
97 3 96 1 
98 0 282 1 
98 1 102 1 
98 2 96 1 
98 3 98 0.9 
98 3 99 0.1 
99 0 283 1 
99 1 103 1 
99 2 97 1 
99 3 98 1 
100 0 284 1 
100 1 96 1 
100 2 102 1 
100 3 100 0.9 
100 3 101 0.1 
101 0 285 1 
101 1 97 1 
101 2 103 1 
101 3 100 1 
102 0 286 1 
102 1 98 1 
102 2 100 1 
102 3 102 0.9 
102 3 103 0.1 
103 0 287 1 
103 1 99 1 
103 2 101 1 
103 3 102 1 
104 0 288 1 
104 1 108 1 
104 2 106 1 
104 3 104 0.9 
104 3 105 0.1 
105 0 289 1 
105 1 109 1 
105 2 107 1 
105 3 104 1 
106 0 290 1 
106 1 110 1 
106 2 104 1 
106 3 106 0.9 
106 3 107 0.1 
107 0 291 1 
107 1 111 1 
107 2 105 1 
107 3 106 1 
108 0 292 1 
108 1 104 1 
108 2 110 1 
108 3 108 0.9 
108 3 109 0.1 
109 0 293 1 
109 1 105 1 
109 2 111 1 
109 3 108 1 
110 0 294 1 
110 1 106 1 
110 2 108 1 
110 3 110 0.9 
110 3 111 0.1 
111 0 295 1 
111 1 107 1 
111 2 109 1 
111 3 110 1 
112 0 296 1 
112 1 116 1 
112 2 114 1 
112 3 112 0.9 
112 3 113 0.1 
113 0 297 1 
113 1 117 1 
113 2 115 1 
113 3 112 1 
114 0 298 1 
114 1 118 1 
114 2 112 1 
114 3 114 0.9 
114 3 115 0.1 
115 0 299 1 
115 1 119 1 
115 2 113 1 
115 3 114 1 
116 0 300 1 
116 1 112 1 
116 2 118 1 
116 3 116 0.9 
116 3 117 0.1 
117 0 301 1 
117 1 113 1 
117 2 119 1 
117 3 116 1 
118 0 302 1 
118 1 114 1 
118 2 116 1 
118 3 118 0.9 
118 3 119 0.1 
119 0 303 1 
119 1 115 1 
119 2 117 1 
119 3 118 1 
120 0 304 1 
120 1 124 1 
120 2 122 1 
120 3 120 0.9 
120 3 121 0.1 
121 0 305 1 
121 1 125 1 
121 2 123 1 
121 3 120 1 
122 0 306 1 
122 1 126 1 
122 2 120 1 
122 3 122 0.9 
122 3 123 0.1 
123 0 307 1 
123 1 127 1 
123 2 121 1 
123 3 122 1 
124 0 308 1 
124 1 120 1 
124 2 126 1 
124 3 124 0.9 
124 3 125 0.1 
125 0 309 1 
125 1 121 1 
125 2 127 1 
125 3 124 1 
126 0 310 1 
126 1 122 1 
126 2 124 1 
126 3 126 0.9 
126 3 127 0.1 
127 0 311 1 
127 1 123 1 
127 2 125 1 
127 3 126 1 
128 0 312 1 
128 1 132 1 
128 2 130 1 
128 3 128 0.9 
128 3 129 0.1 
129 0 313 1 
129 1 133 1 
129 2 131 1 
129 3 128 1 
130 0 314 1 
130 1 134 1 
130 2 128 1 
130 3 130 0.9 
130 3 131 0.1 
131 0 315 1 
131 1 135 1 
131 2 129 1 
131 3 130 1 
132 0 316 1 
132 1 128 1 
132 2 134 1 
132 3 132 0.9 
132 3 133 0.1 
133 0 317 1 
133 1 129 1 
133 2 135 1 
133 3 132 1 
134 0 318 1 
134 1 130 1 
134 2 132 1 
134 3 134 0.9 
134 3 135 0.1 
135 0 319 1 
135 1 131 1 
135 2 133 1 
135 3 134 1 
136 0 320 1 
136 1 140 1 
136 2 138 1 
136 3 136 0.9 
136 3 137 0.1 
137 0 321 1 
137 1 141 1 
137 2 139 1 
137 3 136 1 
138 0 322 1 
138 1 142 1 
138 2 136 1 
138 3 138 0.9 
138 3 139 0.1 
139 0 323 1 
139 1 143 1 
139 2 137 1 
139 3 138 1 
140 0 324 1 
140 1 136 1 
140 2 142 1 
140 3 140 0.9 
140 3 141 0.1 
141 0 325 1 
141 1 137 1 
141 2 143 1 
141 3 140 1 
142 0 326 1 
142 1 138 1 
142 2 140 1 
142 3 142 0.9 
142 3 143 0.1 
143 0 327 1 
143 1 139 1 
143 2 141 1 
143 3 142 1 
144 0 328 1 
144 1 148 1 
144 2 146 1 
144 3 144 0.9 
144 3 145 0.1 
145 0 329 1 
145 1 149 1 
145 2 147 1 
145 3 144 1 
146 0 330 1 
146 1 150 1 
146 2 144 1 
146 3 146 0.9 
146 3 147 0.1 
147 0 331 1 
147 1 151 1 
147 2 145 1 
147 3 146 1 
148 0 332 1 
148 1 144 1 
148 2 150 1 
148 3 148 0.9 
148 3 149 0.1 
149 0 333 1 
149 1 145 1 
149 2 151 1 
149 3 148 1 
150 0 334 1 
150 1 146 1 
150 2 148 1 
150 3 150 0.9 
150 3 151 0.1 
151 0 335 1 
151 1 147 1 
151 2 149 1 
151 3 150 1 
152 0 336 1 
152 1 156 1 
152 2 154 1 
152 3 152 0.9 
152 3 153 0.1 
153 0 337 1 
153 1 157 1 
153 2 155 1 
153 3 152 1 
154 0 338 1 
154 1 158 1 
154 2 152 1 
154 3 154 0.9 
154 3 155 0.1 
155 0 339 1 
155 1 159 1 
155 2 153 1 
155 3 154 1 
156 0 340 1 
156 1 152 1 
156 2 158 1 
156 3 156 0.9 
156 3 157 0.1 
157 0 341 1 
157 1 153 1 
157 2 159 1 
157 3 156 1 
158 0 342 1 
158 1 154 1 
158 2 156 1 
158 3 158 0.9 
158 3 159 0.1 
159 0 343 1 
159 1 155 1 
159 2 157 1 
159 3 158 1 
160 0 344 1 
160 1 164 1 
160 2 162 1 
160 3 160 0.9 
160 3 161 0.1 
161 0 345 1 
161 1 165 1 
161 2 163 1 
161 3 160 1 
162 0 346 1 
162 1 166 1 
162 2 160 1 
162 3 162 0.9 
162 3 163 0.1 
163 0 347 1 
163 1 167 1 
163 2 161 1 
163 3 162 1 
164 0 348 1 
164 1 160 1 
164 2 166 1 
164 3 164 0.9 
164 3 165 0.1 
165 0 349 1 
165 1 161 1 
165 2 167 1 
165 3 164 1 
166 0 350 1 
166 1 162 1 
166 2 164 1 
166 3 166 0.9 
166 3 167 0.1 
167 0 351 1 
167 1 163 1 
167 2 165 1 
167 3 166 1 
168 0 352 1 
168 1 172 1 
168 2 170 1 
168 3 168 0.9 
168 3 169 0.1 
169 0 353 1 
169 1 173 1 
169 2 171 1 
169 3 168 1 
170 0 354 1 
170 1 174 1 
170 2 168 1 
170 3 170 0.9 
170 3 171 0.1 
171 0 355 1 
171 1 175 1 
171 2 169 1 
171 3 170 1 
172 0 356 1 
172 1 168 1 
172 2 174 1 
172 3 172 0.9 
172 3 173 0.1 
173 0 357 1 
173 1 169 1 
173 2 175 1 
173 3 172 1 
174 0 358 1 
174 1 170 1 
174 2 172 1 
174 3 174 0.9 
174 3 175 0.1 
175 0 359 1 
175 1 171 1 
175 2 173 1 
175 3 174 1 
176 0 180 1 
176 1 178 1 
176 2 176 0.9 
176 2 177 0.1 
177 0 181 1 
177 1 179 1 
177 2 176 1 
178 0 182 1 
178 1 176 1 
178 2 178 0.9 
178 2 179 0.1 
179 0 183 1 
179 1 177 1 
179 2 178 1 
180 0 176 1 
180 1 182 1 
180 2 180 0.9 
180 2 181 0.1 
181 0 177 1 
181 1 183 1 
181 2 180 1 
182 0 178 1 
182 1 180 1 
182 2 182 0.9 
182 2 183 0.1 
183 0 179 1 
183 1 181 1 
183 2 182 1 
184 0 360 1 
184 1 8 1 
184 2 188 1 
184 3 186 1 
184 4 184 0.9 
184 4 185 0.1 
185 0 361 1 
185 1 9 1 
185 2 189 1 
185 3 187 1 
185 4 184 1 
186 0 362 1 
186 1 10 1 
186 2 190 1 
186 3 184 1 
186 4 186 0.9 
186 4 187 0.1 
187 0 363 1 
187 1 11 1 
187 2 191 1 
187 3 185 1 
187 4 186 1 
188 0 364 1 
188 1 12 1 
188 2 184 1 
188 3 190 1 
188 4 188 0.9 
188 4 189 0.1 
189 0 365 1 
189 1 13 1 
189 2 185 1 
189 3 191 1 
189 4 188 1 
190 0 366 1 
190 1 14 1 
190 2 186 1 
190 3 188 1 
190 4 190 0.9 
190 4 191 0.1 
191 0 367 1 
191 1 15 1 
191 2 187 1 
191 3 189 1 
191 4 190 1 
192 0 368 1 
192 1 24 1 
192 2 196 1 
192 3 194 1 
192 4 192 0.9 
192 4 193 0.1 
193 0 369 1 
193 1 25 1 
193 2 197 1 
193 3 195 1 
193 4 192 1 
194 0 370 1 
194 1 26 1 
194 2 198 1 
194 3 192 1 
194 4 194 0.9 
194 4 195 0.1 
195 0 371 1 
195 1 27 1 
195 2 199 1 
195 3 193 1 
195 4 194 1 
196 0 372 1 
196 1 28 1 
196 2 192 1 
196 3 198 1 
196 4 196 0.9 
196 4 197 0.1 
197 0 373 1 
197 1 29 1 
197 2 193 1 
197 3 199 1 
197 4 196 1 
198 0 374 1 
198 1 30 1 
198 2 194 1 
198 3 196 1 
198 4 198 0.9 
198 4 199 0.1 
199 0 375 1 
199 1 31 1 
199 2 195 1 
199 3 197 1 
199 4 198 1 
200 0 376 1 
200 1 32 1 
200 2 204 1 
200 3 202 1 
200 4 200 0.9 
200 4 201 0.1 
201 0 377 1 
201 1 33 1 
201 2 205 1 
201 3 203 1 
201 4 200 1 
202 0 378 1 
202 1 34 1 
202 2 206 1 
202 3 200 1 
202 4 202 0.9 
202 4 203 0.1 
203 0 379 1 
203 1 35 1 
203 2 207 1 
203 3 201 1 
203 4 202 1 
204 0 380 1 
204 1 36 1 
204 2 200 1 
204 3 206 1 
204 4 204 0.9 
204 4 205 0.1 
205 0 381 1 
205 1 37 1 
205 2 201 1 
205 3 207 1 
205 4 204 1 
206 0 382 1 
206 1 38 1 
206 2 202 1 
206 3 204 1 
206 4 206 0.9 
206 4 207 0.1 
207 0 383 1 
207 1 39 1 
207 2 203 1 
207 3 205 1 
207 4 206 1 
208 0 384 1 
208 1 40 1 
208 2 212 1 
208 3 210 1 
208 4 208 0.9 
208 4 209 0.1 
209 0 385 1 
209 1 41 1 
209 2 213 1 
209 3 211 1 
209 4 208 1 
210 0 386 1 
210 1 42 1 
210 2 214 1 
210 3 208 1 
210 4 210 0.9 
210 4 211 0.1 
211 0 387 1 
211 1 43 1 
211 2 215 1 
211 3 209 1 
211 4 210 1 
212 0 388 1 
212 1 44 1 
212 2 208 1 
212 3 214 1 
212 4 212 0.9 
212 4 213 0.1 
213 0 389 1 
213 1 45 1 
213 2 209 1 
213 3 215 1 
213 4 212 1 
214 0 390 1 
214 1 46 1 
214 2 210 1 
214 3 212 1 
214 4 214 0.9 
214 4 215 0.1 
215 0 391 1 
215 1 47 1 
215 2 211 1 
215 3 213 1 
215 4 214 1 
216 0 392 1 
216 1 48 1 
216 2 220 1 
216 3 218 1 
216 4 216 0.9 
216 4 217 0.1 
217 0 393 1 
217 1 49 1 
217 2 221 1 
217 3 219 1 
217 4 216 1 
218 0 394 1 
218 1 50 1 
218 2 222 1 
218 3 216 1 
218 4 218 0.9 
218 4 219 0.1 
219 0 395 1 
219 1 51 1 
219 2 223 1 
219 3 217 1 
219 4 218 1 
220 0 396 1 
220 1 52 1 
220 2 216 1 
220 3 222 1 
220 4 220 0.9 
220 4 221 0.1 
221 0 397 1 
221 1 53 1 
221 2 217 1 
221 3 223 1 
221 4 220 1 
222 0 398 1 
222 1 54 1 
222 2 218 1 
222 3 220 1 
222 4 222 0.9 
222 4 223 0.1 
223 0 399 1 
223 1 55 1 
223 2 219 1 
223 3 221 1 
223 4 222 1 
224 0 400 1 
224 1 56 1 
224 2 228 1 
224 3 226 1 
224 4 224 0.9 
224 4 225 0.1 
225 0 401 1 
225 1 57 1 
225 2 229 1 
225 3 227 1 
225 4 224 1 
226 0 402 1 
226 1 58 1 
226 2 230 1 
226 3 224 1 
226 4 226 0.9 
226 4 227 0.1 
227 0 403 1 
227 1 59 1 
227 2 231 1 
227 3 225 1 
227 4 226 1 
228 0 404 1 
228 1 60 1 
228 2 224 1 
228 3 230 1 
228 4 228 0.9 
228 4 229 0.1 
229 0 405 1 
229 1 61 1 
229 2 225 1 
229 3 231 1 
229 4 228 1 
230 0 406 1 
230 1 62 1 
230 2 226 1 
230 3 228 1 
230 4 230 0.9 
230 4 231 0.1 
231 0 407 1 
231 1 63 1 
231 2 227 1 
231 3 229 1 
231 4 230 1 
232 0 408 1 
232 1 64 1 
232 2 236 1 
232 3 234 1 
232 4 232 0.9 
232 4 233 0.1 
233 0 409 1 
233 1 65 1 
233 2 237 1 
233 3 235 1 
233 4 232 1 
234 0 410 1 
234 1 66 1 
234 2 238 1 
234 3 232 1 
234 4 234 0.9 
234 4 235 0.1 
235 0 411 1 
235 1 67 1 
235 2 239 1 
235 3 233 1 
235 4 234 1 
236 0 412 1 
236 1 68 1 
236 2 232 1 
236 3 238 1 
236 4 236 0.9 
236 4 237 0.1 
237 0 413 1 
237 1 69 1 
237 2 233 1 
237 3 239 1 
237 4 236 1 
238 0 414 1 
238 1 70 1 
238 2 234 1 
238 3 236 1 
238 4 238 0.9 
238 4 239 0.1 
239 0 415 1 
239 1 71 1 
239 2 235 1 
239 3 237 1 
239 4 238 1 
240 0 416 1 
240 1 72 1 
240 2 244 1 
240 3 242 1 
240 4 240 0.9 
240 4 241 0.1 
241 0 417 1 
241 1 73 1 
241 2 245 1 
241 3 243 1 
241 4 240 1 
242 0 418 1 
242 1 74 1 
242 2 246 1 
242 3 240 1 
242 4 242 0.9 
242 4 243 0.1 
243 0 419 1 
243 1 75 1 
243 2 247 1 
243 3 241 1 
243 4 242 1 
244 0 420 1 
244 1 76 1 
244 2 240 1 
244 3 246 1 
244 4 244 0.9 
244 4 245 0.1 
245 0 421 1 
245 1 77 1 
245 2 241 1 
245 3 247 1 
245 4 244 1 
246 0 422 1 
246 1 78 1 
246 2 242 1 
246 3 244 1 
246 4 246 0.9 
246 4 247 0.1 
247 0 423 1 
247 1 79 1 
247 2 243 1 
247 3 245 1 
247 4 246 1 
248 0 424 1 
248 1 80 1 
248 2 252 1 
248 3 250 1 
248 4 248 0.9 
248 4 249 0.1 
249 0 425 1 
249 1 81 1 
249 2 253 1 
249 3 251 1 
249 4 248 1 
250 0 426 1 
250 1 82 1 
250 2 254 1 
250 3 248 1 
250 4 250 0.9 
250 4 251 0.1 
251 0 427 1 
251 1 83 1 
251 2 255 1 
251 3 249 1 
251 4 250 1 
252 0 428 1 
252 1 84 1 
252 2 248 1 
252 3 254 1 
252 4 252 0.9 
252 4 253 0.1 
253 0 429 1 
253 1 85 1 
253 2 249 1 
253 3 255 1 
253 4 252 1 
254 0 430 1 
254 1 86 1 
254 2 250 1 
254 3 252 1 
254 4 254 0.9 
254 4 255 0.1 
255 0 431 1 
255 1 87 1 
255 2 251 1 
255 3 253 1 
255 4 254 1 
256 0 432 1 
256 1 88 1 
256 2 260 1 
256 3 258 1 
256 4 256 0.9 
256 4 257 0.1 
257 0 433 1 
257 1 89 1 
257 2 261 1 
257 3 259 1 
257 4 256 1 
258 0 434 1 
258 1 90 1 
258 2 262 1 
258 3 256 1 
258 4 258 0.9 
258 4 259 0.1 
259 0 435 1 
259 1 91 1 
259 2 263 1 
259 3 257 1 
259 4 258 1 
260 0 436 1 
260 1 92 1 
260 2 256 1 
260 3 262 1 
260 4 260 0.9 
260 4 261 0.1 
261 0 437 1 
261 1 93 1 
261 2 257 1 
261 3 263 1 
261 4 260 1 
262 0 438 1 
262 1 94 1 
262 2 258 1 
262 3 260 1 
262 4 262 0.9 
262 4 263 0.1 
263 0 439 1 
263 1 95 1 
263 2 259 1 
263 3 261 1 
263 4 262 1 
264 0 440 1 
264 1 96 1 
264 2 268 1 
264 3 266 1 
264 4 264 0.9 
264 4 265 0.1 
265 0 441 1 
265 1 97 1 
265 2 269 1 
265 3 267 1 
265 4 264 1 
266 0 442 1 
266 1 98 1 
266 2 270 1 
266 3 264 1 
266 4 266 0.9 
266 4 267 0.1 
267 0 443 1 
267 1 99 1 
267 2 271 1 
267 3 265 1 
267 4 266 1 
268 0 444 1 
268 1 100 1 
268 2 264 1 
268 3 270 1 
268 4 268 0.9 
268 4 269 0.1 
269 0 445 1 
269 1 101 1 
269 2 265 1 
269 3 271 1 
269 4 268 1 
270 0 446 1 
270 1 102 1 
270 2 266 1 
270 3 268 1 
270 4 270 0.9 
270 4 271 0.1 
271 0 447 1 
271 1 103 1 
271 2 267 1 
271 3 269 1 
271 4 270 1 
272 0 448 1 
272 1 104 1 
272 2 276 1 
272 3 274 1 
272 4 272 0.9 
272 4 273 0.1 
273 0 449 1 
273 1 105 1 
273 2 277 1 
273 3 275 1 
273 4 272 1 
274 0 450 1 
274 1 106 1 
274 2 278 1 
274 3 272 1 
274 4 274 0.9 
274 4 275 0.1 
275 0 451 1 
275 1 107 1 
275 2 279 1 
275 3 273 1 
275 4 274 1 
276 0 452 1 
276 1 108 1 
276 2 272 1 
276 3 278 1 
276 4 276 0.9 
276 4 277 0.1 
277 0 453 1 
277 1 109 1 
277 2 273 1 
277 3 279 1 
277 4 276 1 
278 0 454 1 
278 1 110 1 
278 2 274 1 
278 3 276 1 
278 4 278 0.9 
278 4 279 0.1 
279 0 455 1 
279 1 111 1 
279 2 275 1 
279 3 277 1 
279 4 278 1 
280 0 456 1 
280 1 112 1 
280 2 284 1 
280 3 282 1 
280 4 280 0.9 
280 4 281 0.1 
281 0 457 1 
281 1 113 1 
281 2 285 1 
281 3 283 1 
281 4 280 1 
282 0 458 1 
282 1 114 1 
282 2 286 1 
282 3 280 1 
282 4 282 0.9 
282 4 283 0.1 
283 0 459 1 
283 1 115 1 
283 2 287 1 
283 3 281 1 
283 4 282 1 
284 0 460 1 
284 1 116 1 
284 2 280 1 
284 3 286 1 
284 4 284 0.9 
284 4 285 0.1 
285 0 461 1 
285 1 117 1 
285 2 281 1 
285 3 287 1 
285 4 284 1 
286 0 462 1 
286 1 118 1 
286 2 282 1 
286 3 284 1 
286 4 286 0.9 
286 4 287 0.1 
287 0 463 1 
287 1 119 1 
287 2 283 1 
287 3 285 1 
287 4 286 1 
288 0 464 1 
288 1 120 1 
288 2 292 1 
288 3 290 1 
288 4 288 0.9 
288 4 289 0.1 
289 0 465 1 
289 1 121 1 
289 2 293 1 
289 3 291 1 
289 4 288 1 
290 0 466 1 
290 1 122 1 
290 2 294 1 
290 3 288 1 
290 4 290 0.9 
290 4 291 0.1 
291 0 467 1 
291 1 123 1 
291 2 295 1 
291 3 289 1 
291 4 290 1 
292 0 468 1 
292 1 124 1 
292 2 288 1 
292 3 294 1 
292 4 292 0.9 
292 4 293 0.1 
293 0 469 1 
293 1 125 1 
293 2 289 1 
293 3 295 1 
293 4 292 1 
294 0 470 1 
294 1 126 1 
294 2 290 1 
294 3 292 1 
294 4 294 0.9 
294 4 295 0.1 
295 0 471 1 
295 1 127 1 
295 2 291 1 
295 3 293 1 
295 4 294 1 
296 0 472 1 
296 1 128 1 
296 2 300 1 
296 3 298 1 
296 4 296 0.9 
296 4 297 0.1 
297 0 473 1 
297 1 129 1 
297 2 301 1 
297 3 299 1 
297 4 296 1 
298 0 474 1 
298 1 130 1 
298 2 302 1 
298 3 296 1 
298 4 298 0.9 
298 4 299 0.1 
299 0 475 1 
299 1 131 1 
299 2 303 1 
299 3 297 1 
299 4 298 1 
300 0 476 1 
300 1 132 1 
300 2 296 1 
300 3 302 1 
300 4 300 0.9 
300 4 301 0.1 
301 0 477 1 
301 1 133 1 
301 2 297 1 
301 3 303 1 
301 4 300 1 
302 0 478 1 
302 1 134 1 
302 2 298 1 
302 3 300 1 
302 4 302 0.9 
302 4 303 0.1 
303 0 479 1 
303 1 135 1 
303 2 299 1 
303 3 301 1 
303 4 302 1 
304 0 480 1 
304 1 136 1 
304 2 308 1 
304 3 306 1 
304 4 304 0.9 
304 4 305 0.1 
305 0 481 1 
305 1 137 1 
305 2 309 1 
305 3 307 1 
305 4 304 1 
306 0 482 1 
306 1 138 1 
306 2 310 1 
306 3 304 1 
306 4 306 0.9 
306 4 307 0.1 
307 0 483 1 
307 1 139 1 
307 2 311 1 
307 3 305 1 
307 4 306 1 
308 0 484 1 
308 1 140 1 
308 2 304 1 
308 3 310 1 
308 4 308 0.9 
308 4 309 0.1 
309 0 485 1 
309 1 141 1 
309 2 305 1 
309 3 311 1 
309 4 308 1 
310 0 486 1 
310 1 142 1 
310 2 306 1 
310 3 308 1 
310 4 310 0.9 
310 4 311 0.1 
311 0 487 1 
311 1 143 1 
311 2 307 1 
311 3 309 1 
311 4 310 1 
312 0 488 1 
312 1 144 1 
312 2 316 1 
312 3 314 1 
312 4 312 0.9 
312 4 313 0.1 
313 0 489 1 
313 1 145 1 
313 2 317 1 
313 3 315 1 
313 4 312 1 
314 0 490 1 
314 1 146 1 
314 2 318 1 
314 3 312 1 
314 4 314 0.9 
314 4 315 0.1 
315 0 491 1 
315 1 147 1 
315 2 319 1 
315 3 313 1 
315 4 314 1 
316 0 492 1 
316 1 148 1 
316 2 312 1 
316 3 318 1 
316 4 316 0.9 
316 4 317 0.1 
317 0 493 1 
317 1 149 1 
317 2 313 1 
317 3 319 1 
317 4 316 1 
318 0 494 1 
318 1 150 1 
318 2 314 1 
318 3 316 1 
318 4 318 0.9 
318 4 319 0.1 
319 0 495 1 
319 1 151 1 
319 2 315 1 
319 3 317 1 
319 4 318 1 
320 0 496 1 
320 1 152 1 
320 2 324 1 
320 3 322 1 
320 4 320 0.9 
320 4 321 0.1 
321 0 497 1 
321 1 153 1 
321 2 325 1 
321 3 323 1 
321 4 320 1 
322 0 498 1 
322 1 154 1 
322 2 326 1 
322 3 320 1 
322 4 322 0.9 
322 4 323 0.1 
323 0 499 1 
323 1 155 1 
323 2 327 1 
323 3 321 1 
323 4 322 1 
324 0 500 1 
324 1 156 1 
324 2 320 1 
324 3 326 1 
324 4 324 0.9 
324 4 325 0.1 
325 0 501 1 
325 1 157 1 
325 2 321 1 
325 3 327 1 
325 4 324 1 
326 0 502 1 
326 1 158 1 
326 2 322 1 
326 3 324 1 
326 4 326 0.9 
326 4 327 0.1 
327 0 503 1 
327 1 159 1 
327 2 323 1 
327 3 325 1 
327 4 326 1 
328 0 504 1 
328 1 160 1 
328 2 332 1 
328 3 330 1 
328 4 328 0.9 
328 4 329 0.1 
329 0 505 1 
329 1 161 1 
329 2 333 1 
329 3 331 1 
329 4 328 1 
330 0 506 1 
330 1 162 1 
330 2 334 1 
330 3 328 1 
330 4 330 0.9 
330 4 331 0.1 
331 0 507 1 
331 1 163 1 
331 2 335 1 
331 3 329 1 
331 4 330 1 
332 0 508 1 
332 1 164 1 
332 2 328 1 
332 3 334 1 
332 4 332 0.9 
332 4 333 0.1 
333 0 509 1 
333 1 165 1 
333 2 329 1 
333 3 335 1 
333 4 332 1 
334 0 510 1 
334 1 166 1 
334 2 330 1 
334 3 332 1 
334 4 334 0.9 
334 4 335 0.1 
335 0 511 1 
335 1 167 1 
335 2 331 1 
335 3 333 1 
335 4 334 1 
336 0 512 1 
336 1 168 1 
336 2 340 1 
336 3 338 1 
336 4 336 0.9 
336 4 337 0.1 
337 0 513 1 
337 1 169 1 
337 2 341 1 
337 3 339 1 
337 4 336 1 
338 0 514 1 
338 1 170 1 
338 2 342 1 
338 3 336 1 
338 4 338 0.9 
338 4 339 0.1 
339 0 515 1 
339 1 171 1 
339 2 343 1 
339 3 337 1 
339 4 338 1 
340 0 516 1 
340 1 172 1 
340 2 336 1 
340 3 342 1 
340 4 340 0.9 
340 4 341 0.1 
341 0 517 1 
341 1 173 1 
341 2 337 1 
341 3 343 1 
341 4 340 1 
342 0 518 1 
342 1 174 1 
342 2 338 1 
342 3 340 1 
342 4 342 0.9 
342 4 343 0.1 
343 0 519 1 
343 1 175 1 
343 2 339 1 
343 3 341 1 
343 4 342 1 
344 0 520 1 
344 1 176 1 
344 2 348 1 
344 3 346 1 
344 4 344 0.9 
344 4 345 0.1 
345 0 521 1 
345 1 177 1 
345 2 349 1 
345 3 347 1 
345 4 344 1 
346 0 522 1 
346 1 178 1 
346 2 350 1 
346 3 344 1 
346 4 346 0.9 
346 4 347 0.1 
347 0 523 1 
347 1 179 1 
347 2 351 1 
347 3 345 1 
347 4 346 1 
348 0 524 1 
348 1 180 1 
348 2 344 1 
348 3 350 1 
348 4 348 0.9 
348 4 349 0.1 
349 0 525 1 
349 1 181 1 
349 2 345 1 
349 3 351 1 
349 4 348 1 
350 0 526 1 
350 1 182 1 
350 2 346 1 
350 3 348 1 
350 4 350 0.9 
350 4 351 0.1 
351 0 527 1 
351 1 183 1 
351 2 347 1 
351 3 349 1 
351 4 350 1 
352 0 356 1 
352 1 354 1 
352 2 352 0.9 
352 2 353 0.1 
353 0 357 1 
353 1 355 1 
353 2 352 1 
354 0 358 1 
354 1 352 1 
354 2 354 0.9 
354 2 355 0.1 
355 0 359 1 
355 1 353 1 
355 2 354 1 
356 0 352 1 
356 1 358 1 
356 2 356 0.9 
356 2 357 0.1 
357 0 353 1 
357 1 359 1 
357 2 356 1 
358 0 354 1 
358 1 356 1 
358 2 358 0.9 
358 2 359 0.1 
359 0 355 1 
359 1 357 1 
359 2 358 1 
360 0 16 1 
360 1 364 1 
360 2 362 1 
360 3 360 0.9 
360 3 361 0.1 
361 0 17 1 
361 1 365 1 
361 2 363 1 
361 3 360 1 
362 0 18 1 
362 1 366 1 
362 2 360 1 
362 3 362 0.9 
362 3 363 0.1 
363 0 19 1 
363 1 367 1 
363 2 361 1 
363 3 362 1 
364 0 20 1 
364 1 360 1 
364 2 366 1 
364 3 364 0.9 
364 3 365 0.1 
365 0 21 1 
365 1 361 1 
365 2 367 1 
365 3 364 1 
366 0 22 1 
366 1 362 1 
366 2 364 1 
366 3 366 0.9 
366 3 367 0.1 
367 0 23 1 
367 1 363 1 
367 2 365 1 
367 3 366 1 
368 0 32 1 
368 1 372 1 
368 2 370 1 
368 3 368 0.9 
368 3 369 0.1 
369 0 33 1 
369 1 373 1 
369 2 371 1 
369 3 368 1 
370 0 34 1 
370 1 374 1 
370 2 368 1 
370 3 370 0.9 
370 3 371 0.1 
371 0 35 1 
371 1 375 1 
371 2 369 1 
371 3 370 1 
372 0 36 1 
372 1 368 1 
372 2 374 1 
372 3 372 0.9 
372 3 373 0.1 
373 0 37 1 
373 1 369 1 
373 2 375 1 
373 3 372 1 
374 0 38 1 
374 1 370 1 
374 2 372 1 
374 3 374 0.9 
374 3 375 0.1 
375 0 39 1 
375 1 371 1 
375 2 373 1 
375 3 374 1 
376 0 40 1 
376 1 380 1 
376 2 378 1 
376 3 376 0.9 
376 3 377 0.1 
377 0 41 1 
377 1 381 1 
377 2 379 1 
377 3 376 1 
378 0 42 1 
378 1 382 1 
378 2 376 1 
378 3 378 0.9 
378 3 379 0.1 
379 0 43 1 
379 1 383 1 
379 2 377 1 
379 3 378 1 
380 0 44 1 
380 1 376 1 
380 2 382 1 
380 3 380 0.9 
380 3 381 0.1 
381 0 45 1 
381 1 377 1 
381 2 383 1 
381 3 380 1 
382 0 46 1 
382 1 378 1 
382 2 380 1 
382 3 382 0.9 
382 3 383 0.1 
383 0 47 1 
383 1 379 1 
383 2 381 1 
383 3 382 1 
384 0 48 1 
384 1 388 1 
384 2 386 1 
384 3 384 0.9 
384 3 385 0.1 
385 0 49 1 
385 1 389 1 
385 2 387 1 
385 3 384 1 
386 0 50 1 
386 1 390 1 
386 2 384 1 
386 3 386 0.9 
386 3 387 0.1 
387 0 51 1 
387 1 391 1 
387 2 385 1 
387 3 386 1 
388 0 52 1 
388 1 384 1 
388 2 390 1 
388 3 388 0.9 
388 3 389 0.1 
389 0 53 1 
389 1 385 1 
389 2 391 1 
389 3 388 1 
390 0 54 1 
390 1 386 1 
390 2 388 1 
390 3 390 0.9 
390 3 391 0.1 
391 0 55 1 
391 1 387 1 
391 2 389 1 
391 3 390 1 
392 0 56 1 
392 1 396 1 
392 2 394 1 
392 3 392 0.9 
392 3 393 0.1 
393 0 57 1 
393 1 397 1 
393 2 395 1 
393 3 392 1 
394 0 58 1 
394 1 398 1 
394 2 392 1 
394 3 394 0.9 
394 3 395 0.1 
395 0 59 1 
395 1 399 1 
395 2 393 1 
395 3 394 1 
396 0 60 1 
396 1 392 1 
396 2 398 1 
396 3 396 0.9 
396 3 397 0.1 
397 0 61 1 
397 1 393 1 
397 2 399 1 
397 3 396 1 
398 0 62 1 
398 1 394 1 
398 2 396 1 
398 3 398 0.9 
398 3 399 0.1 
399 0 63 1 
399 1 395 1 
399 2 397 1 
399 3 398 1 
400 0 64 1 
400 1 404 1 
400 2 402 1 
400 3 400 0.9 
400 3 401 0.1 
401 0 65 1 
401 1 405 1 
401 2 403 1 
401 3 400 1 
402 0 66 1 
402 1 406 1 
402 2 400 1 
402 3 402 0.9 
402 3 403 0.1 
403 0 67 1 
403 1 407 1 
403 2 401 1 
403 3 402 1 
404 0 68 1 
404 1 400 1 
404 2 406 1 
404 3 404 0.9 
404 3 405 0.1 
405 0 69 1 
405 1 401 1 
405 2 407 1 
405 3 404 1 
406 0 70 1 
406 1 402 1 
406 2 404 1 
406 3 406 0.9 
406 3 407 0.1 
407 0 71 1 
407 1 403 1 
407 2 405 1 
407 3 406 1 
408 0 72 1 
408 1 412 1 
408 2 410 1 
408 3 408 0.9 
408 3 409 0.1 
409 0 73 1 
409 1 413 1 
409 2 411 1 
409 3 408 1 
410 0 74 1 
410 1 414 1 
410 2 408 1 
410 3 410 0.9 
410 3 411 0.1 
411 0 75 1 
411 1 415 1 
411 2 409 1 
411 3 410 1 
412 0 76 1 
412 1 408 1 
412 2 414 1 
412 3 412 0.9 
412 3 413 0.1 
413 0 77 1 
413 1 409 1 
413 2 415 1 
413 3 412 1 
414 0 78 1 
414 1 410 1 
414 2 412 1 
414 3 414 0.9 
414 3 415 0.1 
415 0 79 1 
415 1 411 1 
415 2 413 1 
415 3 414 1 
416 0 80 1 
416 1 420 1 
416 2 418 1 
416 3 416 0.9 
416 3 417 0.1 
417 0 81 1 
417 1 421 1 
417 2 419 1 
417 3 416 1 
418 0 82 1 
418 1 422 1 
418 2 416 1 
418 3 418 0.9 
418 3 419 0.1 
419 0 83 1 
419 1 423 1 
419 2 417 1 
419 3 418 1 
420 0 84 1 
420 1 416 1 
420 2 422 1 
420 3 420 0.9 
420 3 421 0.1 
421 0 85 1 
421 1 417 1 
421 2 423 1 
421 3 420 1 
422 0 86 1 
422 1 418 1 
422 2 420 1 
422 3 422 0.9 
422 3 423 0.1 
423 0 87 1 
423 1 419 1 
423 2 421 1 
423 3 422 1 
424 0 88 1 
424 1 428 1 
424 2 426 1 
424 3 424 0.9 
424 3 425 0.1 
425 0 89 1 
425 1 429 1 
425 2 427 1 
425 3 424 1 
426 0 90 1 
426 1 430 1 
426 2 424 1 
426 3 426 0.9 
426 3 427 0.1 
427 0 91 1 
427 1 431 1 
427 2 425 1 
427 3 426 1 
428 0 92 1 
428 1 424 1 
428 2 430 1 
428 3 428 0.9 
428 3 429 0.1 
429 0 93 1 
429 1 425 1 
429 2 431 1 
429 3 428 1 
430 0 94 1 
430 1 426 1 
430 2 428 1 
430 3 430 0.9 
430 3 431 0.1 
431 0 95 1 
431 1 427 1 
431 2 429 1 
431 3 430 1 
432 0 96 1 
432 1 436 1 
432 2 434 1 
432 3 432 0.9 
432 3 433 0.1 
433 0 97 1 
433 1 437 1 
433 2 435 1 
433 3 432 1 
434 0 98 1 
434 1 438 1 
434 2 432 1 
434 3 434 0.9 
434 3 435 0.1 
435 0 99 1 
435 1 439 1 
435 2 433 1 
435 3 434 1 
436 0 100 1 
436 1 432 1 
436 2 438 1 
436 3 436 0.9 
436 3 437 0.1 
437 0 101 1 
437 1 433 1 
437 2 439 1 
437 3 436 1 
438 0 102 1 
438 1 434 1 
438 2 436 1 
438 3 438 0.9 
438 3 439 0.1 
439 0 103 1 
439 1 435 1 
439 2 437 1 
439 3 438 1 
440 0 104 1 
440 1 444 1 
440 2 442 1 
440 3 440 0.9 
440 3 441 0.1 
441 0 105 1 
441 1 445 1 
441 2 443 1 
441 3 440 1 
442 0 106 1 
442 1 446 1 
442 2 440 1 
442 3 442 0.9 
442 3 443 0.1 
443 0 107 1 
443 1 447 1 
443 2 441 1 
443 3 442 1 
444 0 108 1 
444 1 440 1 
444 2 446 1 
444 3 444 0.9 
444 3 445 0.1 
445 0 109 1 
445 1 441 1 
445 2 447 1 
445 3 444 1 
446 0 110 1 
446 1 442 1 
446 2 444 1 
446 3 446 0.9 
446 3 447 0.1 
447 0 111 1 
447 1 443 1 
447 2 445 1 
447 3 446 1 
448 0 112 1 
448 1 452 1 
448 2 450 1 
448 3 448 0.9 
448 3 449 0.1 
449 0 113 1 
449 1 453 1 
449 2 451 1 
449 3 448 1 
450 0 114 1 
450 1 454 1 
450 2 448 1 
450 3 450 0.9 
450 3 451 0.1 
451 0 115 1 
451 1 455 1 
451 2 449 1 
451 3 450 1 
452 0 116 1 
452 1 448 1 
452 2 454 1 
452 3 452 0.9 
452 3 453 0.1 
453 0 117 1 
453 1 449 1 
453 2 455 1 
453 3 452 1 
454 0 118 1 
454 1 450 1 
454 2 452 1 
454 3 454 0.9 
454 3 455 0.1 
455 0 119 1 
455 1 451 1 
455 2 453 1 
455 3 454 1 
456 0 120 1 
456 1 460 1 
456 2 458 1 
456 3 456 0.9 
456 3 457 0.1 
457 0 121 1 
457 1 461 1 
457 2 459 1 
457 3 456 1 
458 0 122 1 
458 1 462 1 
458 2 456 1 
458 3 458 0.9 
458 3 459 0.1 
459 0 123 1 
459 1 463 1 
459 2 457 1 
459 3 458 1 
460 0 124 1 
460 1 456 1 
460 2 462 1 
460 3 460 0.9 
460 3 461 0.1 
461 0 125 1 
461 1 457 1 
461 2 463 1 
461 3 460 1 
462 0 126 1 
462 1 458 1 
462 2 460 1 
462 3 462 0.9 
462 3 463 0.1 
463 0 127 1 
463 1 459 1 
463 2 461 1 
463 3 462 1 
464 0 128 1 
464 1 468 1 
464 2 466 1 
464 3 464 0.9 
464 3 465 0.1 
465 0 129 1 
465 1 469 1 
465 2 467 1 
465 3 464 1 
466 0 130 1 
466 1 470 1 
466 2 464 1 
466 3 466 0.9 
466 3 467 0.1 
467 0 131 1 
467 1 471 1 
467 2 465 1 
467 3 466 1 
468 0 132 1 
468 1 464 1 
468 2 470 1 
468 3 468 0.9 
468 3 469 0.1 
469 0 133 1 
469 1 465 1 
469 2 471 1 
469 3 468 1 
470 0 134 1 
470 1 466 1 
470 2 468 1 
470 3 470 0.9 
470 3 471 0.1 
471 0 135 1 
471 1 467 1 
471 2 469 1 
471 3 470 1 
472 0 136 1 
472 1 476 1 
472 2 474 1 
472 3 472 0.9 
472 3 473 0.1 
473 0 137 1 
473 1 477 1 
473 2 475 1 
473 3 472 1 
474 0 138 1 
474 1 478 1 
474 2 472 1 
474 3 474 0.9 
474 3 475 0.1 
475 0 139 1 
475 1 479 1 
475 2 473 1 
475 3 474 1 
476 0 140 1 
476 1 472 1 
476 2 478 1 
476 3 476 0.9 
476 3 477 0.1 
477 0 141 1 
477 1 473 1 
477 2 479 1 
477 3 476 1 
478 0 142 1 
478 1 474 1 
478 2 476 1 
478 3 478 0.9 
478 3 479 0.1 
479 0 143 1 
479 1 475 1 
479 2 477 1 
479 3 478 1 
480 0 144 1 
480 1 484 1 
480 2 482 1 
480 3 480 0.9 
480 3 481 0.1 
481 0 145 1 
481 1 485 1 
481 2 483 1 
481 3 480 1 
482 0 146 1 
482 1 486 1 
482 2 480 1 
482 3 482 0.9 
482 3 483 0.1 
483 0 147 1 
483 1 487 1 
483 2 481 1 
483 3 482 1 
484 0 148 1 
484 1 480 1 
484 2 486 1 
484 3 484 0.9 
484 3 485 0.1 
485 0 149 1 
485 1 481 1 
485 2 487 1 
485 3 484 1 
486 0 150 1 
486 1 482 1 
486 2 484 1 
486 3 486 0.9 
486 3 487 0.1 
487 0 151 1 
487 1 483 1 
487 2 485 1 
487 3 486 1 
488 0 152 1 
488 1 492 1 
488 2 490 1 
488 3 488 0.9 
488 3 489 0.1 
489 0 153 1 
489 1 493 1 
489 2 491 1 
489 3 488 1 
490 0 154 1 
490 1 494 1 
490 2 488 1 
490 3 490 0.9 
490 3 491 0.1 
491 0 155 1 
491 1 495 1 
491 2 489 1 
491 3 490 1 
492 0 156 1 
492 1 488 1 
492 2 494 1 
492 3 492 0.9 
492 3 493 0.1 
493 0 157 1 
493 1 489 1 
493 2 495 1 
493 3 492 1 
494 0 158 1 
494 1 490 1 
494 2 492 1 
494 3 494 0.9 
494 3 495 0.1 
495 0 159 1 
495 1 491 1 
495 2 493 1 
495 3 494 1 
496 0 160 1 
496 1 500 1 
496 2 498 1 
496 3 496 0.9 
496 3 497 0.1 
497 0 161 1 
497 1 501 1 
497 2 499 1 
497 3 496 1 
498 0 162 1 
498 1 502 1 
498 2 496 1 
498 3 498 0.9 
498 3 499 0.1 
499 0 163 1 
499 1 503 1 
499 2 497 1 
499 3 498 1 
500 0 164 1 
500 1 496 1 
500 2 502 1 
500 3 500 0.9 
500 3 501 0.1 
501 0 165 1 
501 1 497 1 
501 2 503 1 
501 3 500 1 
502 0 166 1 
502 1 498 1 
502 2 500 1 
502 3 502 0.9 
502 3 503 0.1 
503 0 167 1 
503 1 499 1 
503 2 501 1 
503 3 502 1 
504 0 168 1 
504 1 508 1 
504 2 506 1 
504 3 504 0.9 
504 3 505 0.1 
505 0 169 1 
505 1 509 1 
505 2 507 1 
505 3 504 1 
506 0 170 1 
506 1 510 1 
506 2 504 1 
506 3 506 0.9 
506 3 507 0.1 
507 0 171 1 
507 1 511 1 
507 2 505 1 
507 3 506 1 
508 0 172 1 
508 1 504 1 
508 2 510 1 
508 3 508 0.9 
508 3 509 0.1 
509 0 173 1 
509 1 505 1 
509 2 511 1 
509 3 508 1 
510 0 174 1 
510 1 506 1 
510 2 508 1 
510 3 510 0.9 
510 3 511 0.1 
511 0 175 1 
511 1 507 1 
511 2 509 1 
511 3 510 1 
512 0 176 1 
512 1 516 1 
512 2 514 1 
512 3 512 0.9 
512 3 513 0.1 
513 0 177 1 
513 1 517 1 
513 2 515 1 
513 3 512 1 
514 0 178 1 
514 1 518 1 
514 2 512 1 
514 3 514 0.9 
514 3 515 0.1 
515 0 179 1 
515 1 519 1 
515 2 513 1 
515 3 514 1 
516 0 180 1 
516 1 512 1 
516 2 518 1 
516 3 516 0.9 
516 3 517 0.1 
517 0 181 1 
517 1 513 1 
517 2 519 1 
517 3 516 1 
518 0 182 1 
518 1 514 1 
518 2 516 1 
518 3 518 0.9 
518 3 519 0.1 
519 0 183 1 
519 1 515 1 
519 2 517 1 
519 3 518 1 
520 0 524 1 
520 1 522 1 
520 2 520 0.9 
520 2 521 0.1 
521 0 525 1 
521 1 523 1 
521 2 520 1 
522 0 526 1 
522 1 520 1 
522 2 522 0.9 
522 2 523 0.1 
523 0 527 1 
523 1 521 1 
523 2 522 1 
524 0 520 1 
524 1 526 1 
524 2 524 0.9 
524 2 525 0.1 
525 0 521 1 
525 1 527 1 
525 2 524 1 
526 0 522 1 
526 1 524 1 
526 2 526 0.9 
526 2 527 0.1 
527 0 523 1 
527 1 525 1 
527 2 526 1 
