0 0 92 1 
0 1 2 1 
0 2 1 1 
0 3 0 1 
1 0 93 1 
1 1 3 1 
1 2 0 0.2 
1 2 1 0.8 
1 3 1 1 
2 0 94 1 
2 1 0 0.9 
2 1 2 0.1 
2 2 3 1 
2 3 2 1 
3 0 95 1 
3 1 1 0.9 
3 1 3 0.1 
3 2 2 0.2 
3 2 3 0.8 
3 3 3 1 
4 0 96 1 
4 1 6 1 
4 2 5 1 
4 3 4 1 
5 0 97 1 
5 1 7 1 
5 2 4 0.2 
5 2 5 0.8 
5 3 5 1 
6 0 98 1 
6 1 4 0.9 
6 1 6 0.1 
6 2 7 1 
6 3 6 1 
7 0 99 1 
7 1 5 0.9 
7 1 7 0.1 
7 2 6 0.2 
7 2 7 0.8 
7 3 7 1 
8 0 100 1 
8 1 10 1 
8 2 9 1 
8 3 8 1 
9 0 101 1 
9 1 11 1 
9 2 8 0.2 
9 2 9 0.8 
9 3 9 1 
10 0 102 1 
10 1 8 0.9 
10 1 10 0.1 
10 2 11 1 
10 3 10 1 
11 0 103 1 
11 1 9 0.9 
11 1 11 0.1 
11 2 10 0.2 
11 2 11 0.8 
11 3 11 1 
12 0 104 1 
12 1 14 1 
12 2 13 1 
12 3 12 1 
13 0 105 1 
13 1 15 1 
13 2 12 0.2 
13 2 13 0.8 
13 3 13 1 
14 0 106 1 
14 1 12 0.9 
14 1 14 0.1 
14 2 15 1 
14 3 14 1 
15 0 107 1 
15 1 13 0.9 
15 1 15 0.1 
15 2 14 0.2 
15 2 15 0.8 
15 3 15 1 
16 0 108 1 
16 1 18 1 
16 2 17 1 
16 3 16 1 
17 0 109 1 
17 1 19 1 
17 2 16 0.2 
17 2 17 0.8 
17 3 17 1 
18 0 110 1 
18 1 16 0.9 
18 1 18 0.1 
18 2 19 1 
18 3 18 1 
19 0 111 1 
19 1 17 0.9 
19 1 19 0.1 
19 2 18 0.2 
19 2 19 0.8 
19 3 19 1 
20 0 112 1 
20 1 22 1 
20 2 21 1 
20 3 20 1 
21 0 113 1 
21 1 23 1 
21 2 20 0.2 
21 2 21 0.8 
21 3 21 1 
22 0 114 1 
22 1 20 0.9 
22 1 22 0.1 
22 2 23 1 
22 3 22 1 
23 0 115 1 
23 1 21 0.9 
23 1 23 0.1 
23 2 22 0.2 
23 2 23 0.8 
23 3 23 1 
24 0 116 1 
24 1 26 1 
24 2 25 1 
24 3 24 1 
25 0 117 1 
25 1 27 1 
25 2 24 0.2 
25 2 25 0.8 
25 3 25 1 
26 0 118 1 
26 1 24 0.9 
26 1 26 0.1 
26 2 27 1 
26 3 26 1 
27 0 119 1 
27 1 25 0.9 
27 1 27 0.1 
27 2 26 0.2 
27 2 27 0.8 
27 3 27 1 
28 0 120 1 
28 1 30 1 
28 2 29 1 
28 3 28 1 
29 0 121 1 
29 1 31 1 
29 2 28 0.2 
29 2 29 0.8 
29 3 29 1 
30 0 122 1 
30 1 28 0.9 
30 1 30 0.1 
30 2 31 1 
30 3 30 1 
31 0 123 1 
31 1 29 0.9 
31 1 31 0.1 
31 2 30 0.2 
31 2 31 0.8 
31 3 31 1 
32 0 124 1 
32 1 34 1 
32 2 33 1 
32 3 32 1 
33 0 125 1 
33 1 35 1 
33 2 32 0.2 
33 2 33 0.8 
33 3 33 1 
34 0 126 1 
34 1 32 0.9 
34 1 34 0.1 
34 2 35 1 
34 3 34 1 
35 0 127 1 
35 1 33 0.9 
35 1 35 0.1 
35 2 34 0.2 
35 2 35 0.8 
35 3 35 1 
36 0 128 1 
36 1 38 1 
36 2 37 1 
36 3 36 1 
37 0 129 1 
37 1 39 1 
37 2 36 0.2 
37 2 37 0.8 
37 3 37 1 
38 0 130 1 
38 1 36 0.9 
38 1 38 0.1 
38 2 39 1 
38 3 38 1 
39 0 131 1 
39 1 37 0.9 
39 1 39 0.1 
39 2 38 0.2 
39 2 39 0.8 
39 3 39 1 
40 0 132 1 
40 1 42 1 
40 2 41 1 
40 3 40 1 
41 0 133 1 
41 1 43 1 
41 2 40 0.2 
41 2 41 0.8 
41 3 41 1 
42 0 134 1 
42 1 40 0.9 
42 1 42 0.1 
42 2 43 1 
42 3 42 1 
43 0 135 1 
43 1 41 0.9 
43 1 43 0.1 
43 2 42 0.2 
43 2 43 0.8 
43 3 43 1 
44 0 136 1 
44 1 46 1 
44 2 45 1 
44 3 44 1 
45 0 137 1 
45 1 47 1 
45 2 44 0.2 
45 2 45 0.8 
45 3 45 1 
46 0 138 1 
46 1 44 0.9 
46 1 46 0.1 
46 2 47 1 
46 3 46 1 
47 0 139 1 
47 1 45 0.9 
47 1 47 0.1 
47 2 46 0.2 
47 2 47 0.8 
47 3 47 1 
48 0 140 1 
48 1 50 1 
48 2 49 1 
48 3 48 1 
49 0 141 1 
49 1 51 1 
49 2 48 0.2 
49 2 49 0.8 
49 3 49 1 
50 0 142 1 
50 1 48 0.9 
50 1 50 0.1 
50 2 51 1 
50 3 50 1 
51 0 143 1 
51 1 49 0.9 
51 1 51 0.1 
51 2 50 0.2 
51 2 51 0.8 
51 3 51 1 
52 0 144 1 
52 1 54 1 
52 2 53 1 
52 3 52 1 
53 0 145 1 
53 1 55 1 
53 2 52 0.2 
53 2 53 0.8 
53 3 53 1 
54 0 146 1 
54 1 52 0.9 
54 1 54 0.1 
54 2 55 1 
54 3 54 1 
55 0 147 1 
55 1 53 0.9 
55 1 55 0.1 
55 2 54 0.2 
55 2 55 0.8 
55 3 55 1 
56 0 148 1 
56 1 58 1 
56 2 57 1 
56 3 56 1 
57 0 149 1 
57 1 59 1 
57 2 56 0.2 
57 2 57 0.8 
57 3 57 1 
58 0 150 1 
58 1 56 0.9 
58 1 58 0.1 
58 2 59 1 
58 3 58 1 
59 0 151 1 
59 1 57 0.9 
59 1 59 0.1 
59 2 58 0.2 
59 2 59 0.8 
59 3 59 1 
60 0 152 1 
60 1 62 1 
60 2 61 1 
60 3 60 1 
61 0 153 1 
61 1 63 1 
61 2 60 0.2 
61 2 61 0.8 
61 3 61 1 
62 0 154 1 
62 1 60 0.9 
62 1 62 0.1 
62 2 63 1 
62 3 62 1 
63 0 155 1 
63 1 61 0.9 
63 1 63 0.1 
63 2 62 0.2 
63 2 63 0.8 
63 3 63 1 
64 0 156 1 
64 1 66 1 
64 2 65 1 
64 3 64 1 
65 0 157 1 
65 1 67 1 
65 2 64 0.2 
65 2 65 0.8 
65 3 65 1 
66 0 158 1 
66 1 64 0.9 
66 1 66 0.1 
66 2 67 1 
66 3 66 1 
67 0 159 1 
67 1 65 0.9 
67 1 67 0.1 
67 2 66 0.2 
67 2 67 0.8 
67 3 67 1 
68 0 160 1 
68 1 70 1 
68 2 69 1 
68 3 68 1 
69 0 161 1 
69 1 71 1 
69 2 68 0.2 
69 2 69 0.8 
69 3 69 1 
70 0 162 1 
70 1 68 0.9 
70 1 70 0.1 
70 2 71 1 
70 3 70 1 
71 0 163 1 
71 1 69 0.9 
71 1 71 0.1 
71 2 70 0.2 
71 2 71 0.8 
71 3 71 1 
72 0 164 1 
72 1 74 1 
72 2 73 1 
72 3 72 1 
73 0 165 1 
73 1 75 1 
73 2 72 0.2 
73 2 73 0.8 
73 3 73 1 
74 0 166 1 
74 1 72 0.9 
74 1 74 0.1 
74 2 75 1 
74 3 74 1 
75 0 167 1 
75 1 73 0.9 
75 1 75 0.1 
75 2 74 0.2 
75 2 75 0.8 
75 3 75 1 
76 0 168 1 
76 1 78 1 
76 2 77 1 
76 3 76 1 
77 0 169 1 
77 1 79 1 
77 2 76 0.2 
77 2 77 0.8 
77 3 77 1 
78 0 170 1 
78 1 76 0.9 
78 1 78 0.1 
78 2 79 1 
78 3 78 1 
79 0 171 1 
79 1 77 0.9 
79 1 79 0.1 
79 2 78 0.2 
79 2 79 0.8 
79 3 79 1 
80 0 172 1 
80 1 82 1 
80 2 81 1 
80 3 80 1 
81 0 173 1 
81 1 83 1 
81 2 80 0.2 
81 2 81 0.8 
81 3 81 1 
82 0 174 1 
82 1 80 0.9 
82 1 82 0.1 
82 2 83 1 
82 3 82 1 
83 0 175 1 
83 1 81 0.9 
83 1 83 0.1 
83 2 82 0.2 
83 2 83 0.8 
83 3 83 1 
84 0 176 1 
84 1 86 1 
84 2 85 1 
84 3 84 1 
85 0 177 1 
85 1 87 1 
85 2 84 0.2 
85 2 85 0.8 
85 3 85 1 
86 0 178 1 
86 1 84 0.9 
86 1 86 0.1 
86 2 87 1 
86 3 86 1 
87 0 179 1 
87 1 85 0.9 
87 1 87 0.1 
87 2 86 0.2 
87 2 87 0.8 
87 3 87 1 
88 0 90 1 
88 1 89 1 
88 2 88 1 
89 0 91 1 
89 1 88 0.2 
89 1 89 0.8 
89 2 89 1 
90 0 88 0.9 
90 0 90 0.1 
90 1 91 1 
90 2 90 1 
91 0 89 0.9 
91 0 91 0.1 
91 1 90 0.2 
91 1 91 0.8 
91 2 91 1 
92 0 180 1 
92 1 4 1 
92 2 94 1 
92 3 93 1 
92 4 92 1 
93 0 181 1 
93 1 5 1 
93 2 95 1 
93 3 92 0.2 
93 3 93 0.8 
93 4 93 1 
94 0 182 1 
94 1 6 1 
94 2 92 0.9 
94 2 94 0.1 
94 3 95 1 
94 4 94 1 
95 0 183 1 
95 1 7 1 
95 2 93 0.9 
95 2 95 0.1 
95 3 94 0.2 
95 3 95 0.8 
95 4 95 1 
96 0 184 1 
96 1 12 1 
96 2 98 1 
96 3 97 1 
96 4 96 1 
97 0 185 1 
97 1 13 1 
97 2 99 1 
97 3 96 0.2 
97 3 97 0.8 
97 4 97 1 
98 0 186 1 
98 1 14 1 
98 2 96 0.9 
98 2 98 0.1 
98 3 99 1 
98 4 98 1 
99 0 187 1 
99 1 15 1 
99 2 97 0.9 
99 2 99 0.1 
99 3 98 0.2 
99 3 99 0.8 
99 4 99 1 
100 0 188 1 
100 1 16 1 
100 2 102 1 
100 3 101 1 
100 4 100 1 
101 0 189 1 
101 1 17 1 
101 2 103 1 
101 3 100 0.2 
101 3 101 0.8 
101 4 101 1 
102 0 190 1 
102 1 18 1 
102 2 100 0.9 
102 2 102 0.1 
102 3 103 1 
102 4 102 1 
103 0 191 1 
103 1 19 1 
103 2 101 0.9 
103 2 103 0.1 
103 3 102 0.2 
103 3 103 0.8 
103 4 103 1 
104 0 192 1 
104 1 20 1 
104 2 106 1 
104 3 105 1 
104 4 104 1 
105 0 193 1 
105 1 21 1 
105 2 107 1 
105 3 104 0.2 
105 3 105 0.8 
105 4 105 1 
106 0 194 1 
106 1 22 1 
106 2 104 0.9 
106 2 106 0.1 
106 3 107 1 
106 4 106 1 
107 0 195 1 
107 1 23 1 
107 2 105 0.9 
107 2 107 0.1 
107 3 106 0.2 
107 3 107 0.8 
107 4 107 1 
108 0 196 1 
108 1 24 1 
108 2 110 1 
108 3 109 1 
108 4 108 1 
109 0 197 1 
109 1 25 1 
109 2 111 1 
109 3 108 0.2 
109 3 109 0.8 
109 4 109 1 
110 0 198 1 
110 1 26 1 
110 2 108 0.9 
110 2 110 0.1 
110 3 111 1 
110 4 110 1 
111 0 199 1 
111 1 27 1 
111 2 109 0.9 
111 2 111 0.1 
111 3 110 0.2 
111 3 111 0.8 
111 4 111 1 
112 0 200 1 
112 1 28 1 
112 2 114 1 
112 3 113 1 
112 4 112 1 
113 0 201 1 
113 1 29 1 
113 2 115 1 
113 3 112 0.2 
113 3 113 0.8 
113 4 113 1 
114 0 202 1 
114 1 30 1 
114 2 112 0.9 
114 2 114 0.1 
114 3 115 1 
114 4 114 1 
115 0 203 1 
115 1 31 1 
115 2 113 0.9 
115 2 115 0.1 
115 3 114 0.2 
115 3 115 0.8 
115 4 115 1 
116 0 204 1 
116 1 32 1 
116 2 118 1 
116 3 117 1 
116 4 116 1 
117 0 205 1 
117 1 33 1 
117 2 119 1 
117 3 116 0.2 
117 3 117 0.8 
117 4 117 1 
118 0 206 1 
118 1 34 1 
118 2 116 0.9 
118 2 118 0.1 
118 3 119 1 
118 4 118 1 
119 0 207 1 
119 1 35 1 
119 2 117 0.9 
119 2 119 0.1 
119 3 118 0.2 
119 3 119 0.8 
119 4 119 1 
120 0 208 1 
120 1 36 1 
120 2 122 1 
120 3 121 1 
120 4 120 1 
121 0 209 1 
121 1 37 1 
121 2 123 1 
121 3 120 0.2 
121 3 121 0.8 
121 4 121 1 
122 0 210 1 
122 1 38 1 
122 2 120 0.9 
122 2 122 0.1 
122 3 123 1 
122 4 122 1 
123 0 211 1 
123 1 39 1 
123 2 121 0.9 
123 2 123 0.1 
123 3 122 0.2 
123 3 123 0.8 
123 4 123 1 
124 0 212 1 
124 1 40 1 
124 2 126 1 
124 3 125 1 
124 4 124 1 
125 0 213 1 
125 1 41 1 
125 2 127 1 
125 3 124 0.2 
125 3 125 0.8 
125 4 125 1 
126 0 214 1 
126 1 42 1 
126 2 124 0.9 
126 2 126 0.1 
126 3 127 1 
126 4 126 1 
127 0 215 1 
127 1 43 1 
127 2 125 0.9 
127 2 127 0.1 
127 3 126 0.2 
127 3 127 0.8 
127 4 127 1 
128 0 216 1 
128 1 44 1 
128 2 130 1 
128 3 129 1 
128 4 128 1 
129 0 217 1 
129 1 45 1 
129 2 131 1 
129 3 128 0.2 
129 3 129 0.8 
129 4 129 1 
130 0 218 1 
130 1 46 1 
130 2 128 0.9 
130 2 130 0.1 
130 3 131 1 
130 4 130 1 
131 0 219 1 
131 1 47 1 
131 2 129 0.9 
131 2 131 0.1 
131 3 130 0.2 
131 3 131 0.8 
131 4 131 1 
132 0 220 1 
132 1 48 1 
132 2 134 1 
132 3 133 1 
132 4 132 1 
133 0 221 1 
133 1 49 1 
133 2 135 1 
133 3 132 0.2 
133 3 133 0.8 
133 4 133 1 
134 0 222 1 
134 1 50 1 
134 2 132 0.9 
134 2 134 0.1 
134 3 135 1 
134 4 134 1 
135 0 223 1 
135 1 51 1 
135 2 133 0.9 
135 2 135 0.1 
135 3 134 0.2 
135 3 135 0.8 
135 4 135 1 
136 0 224 1 
136 1 52 1 
136 2 138 1 
136 3 137 1 
136 4 136 1 
137 0 225 1 
137 1 53 1 
137 2 139 1 
137 3 136 0.2 
137 3 137 0.8 
137 4 137 1 
138 0 226 1 
138 1 54 1 
138 2 136 0.9 
138 2 138 0.1 
138 3 139 1 
138 4 138 1 
139 0 227 1 
139 1 55 1 
139 2 137 0.9 
139 2 139 0.1 
139 3 138 0.2 
139 3 139 0.8 
139 4 139 1 
140 0 228 1 
140 1 56 1 
140 2 142 1 
140 3 141 1 
140 4 140 1 
141 0 229 1 
141 1 57 1 
141 2 143 1 
141 3 140 0.2 
141 3 141 0.8 
141 4 141 1 
142 0 230 1 
142 1 58 1 
142 2 140 0.9 
142 2 142 0.1 
142 3 143 1 
142 4 142 1 
143 0 231 1 
143 1 59 1 
143 2 141 0.9 
143 2 143 0.1 
143 3 142 0.2 
143 3 143 0.8 
143 4 143 1 
144 0 232 1 
144 1 60 1 
144 2 146 1 
144 3 145 1 
144 4 144 1 
145 0 233 1 
145 1 61 1 
145 2 147 1 
145 3 144 0.2 
145 3 145 0.8 
145 4 145 1 
146 0 234 1 
146 1 62 1 
146 2 144 0.9 
146 2 146 0.1 
146 3 147 1 
146 4 146 1 
147 0 235 1 
147 1 63 1 
147 2 145 0.9 
147 2 147 0.1 
147 3 146 0.2 
147 3 147 0.8 
147 4 147 1 
148 0 236 1 
148 1 64 1 
148 2 150 1 
148 3 149 1 
148 4 148 1 
149 0 237 1 
149 1 65 1 
149 2 151 1 
149 3 148 0.2 
149 3 149 0.8 
149 4 149 1 
150 0 238 1 
150 1 66 1 
150 2 148 0.9 
150 2 150 0.1 
150 3 151 1 
150 4 150 1 
151 0 239 1 
151 1 67 1 
151 2 149 0.9 
151 2 151 0.1 
151 3 150 0.2 
151 3 151 0.8 
151 4 151 1 
152 0 240 1 
152 1 68 1 
152 2 154 1 
152 3 153 1 
152 4 152 1 
153 0 241 1 
153 1 69 1 
153 2 155 1 
153 3 152 0.2 
153 3 153 0.8 
153 4 153 1 
154 0 242 1 
154 1 70 1 
154 2 152 0.9 
154 2 154 0.1 
154 3 155 1 
154 4 154 1 
155 0 243 1 
155 1 71 1 
155 2 153 0.9 
155 2 155 0.1 
155 3 154 0.2 
155 3 155 0.8 
155 4 155 1 
156 0 244 1 
156 1 72 1 
156 2 158 1 
156 3 157 1 
156 4 156 1 
157 0 245 1 
157 1 73 1 
157 2 159 1 
157 3 156 0.2 
157 3 157 0.8 
157 4 157 1 
158 0 246 1 
158 1 74 1 
158 2 156 0.9 
158 2 158 0.1 
158 3 159 1 
158 4 158 1 
159 0 247 1 
159 1 75 1 
159 2 157 0.9 
159 2 159 0.1 
159 3 158 0.2 
159 3 159 0.8 
159 4 159 1 
160 0 248 1 
160 1 76 1 
160 2 162 1 
160 3 161 1 
160 4 160 1 
161 0 249 1 
161 1 77 1 
161 2 163 1 
161 3 160 0.2 
161 3 161 0.8 
161 4 161 1 
162 0 250 1 
162 1 78 1 
162 2 160 0.9 
162 2 162 0.1 
162 3 163 1 
162 4 162 1 
163 0 251 1 
163 1 79 1 
163 2 161 0.9 
163 2 163 0.1 
163 3 162 0.2 
163 3 163 0.8 
163 4 163 1 
164 0 252 1 
164 1 80 1 
164 2 166 1 
164 3 165 1 
164 4 164 1 
165 0 253 1 
165 1 81 1 
165 2 167 1 
165 3 164 0.2 
165 3 165 0.8 
165 4 165 1 
166 0 254 1 
166 1 82 1 
166 2 164 0.9 
166 2 166 0.1 
166 3 167 1 
166 4 166 1 
167 0 255 1 
167 1 83 1 
167 2 165 0.9 
167 2 167 0.1 
167 3 166 0.2 
167 3 167 0.8 
167 4 167 1 
168 0 256 1 
168 1 84 1 
168 2 170 1 
168 3 169 1 
168 4 168 1 
169 0 257 1 
169 1 85 1 
169 2 171 1 
169 3 168 0.2 
169 3 169 0.8 
169 4 169 1 
170 0 258 1 
170 1 86 1 
170 2 168 0.9 
170 2 170 0.1 
170 3 171 1 
170 4 170 1 
171 0 259 1 
171 1 87 1 
171 2 169 0.9 
171 2 171 0.1 
171 3 170 0.2 
171 3 171 0.8 
171 4 171 1 
172 0 260 1 
172 1 88 1 
172 2 174 1 
172 3 173 1 
172 4 172 1 
173 0 261 1 
173 1 89 1 
173 2 175 1 
173 3 172 0.2 
173 3 173 0.8 
173 4 173 1 
174 0 262 1 
174 1 90 1 
174 2 172 0.9 
174 2 174 0.1 
174 3 175 1 
174 4 174 1 
175 0 263 1 
175 1 91 1 
175 2 173 0.9 
175 2 175 0.1 
175 3 174 0.2 
175 3 175 0.8 
175 4 175 1 
176 0 178 1 
176 1 177 1 
176 2 176 1 
177 0 179 1 
177 1 176 0.2 
177 1 177 0.8 
177 2 177 1 
178 0 176 0.9 
178 0 178 0.1 
178 1 179 1 
178 2 178 1 
179 0 177 0.9 
179 0 179 0.1 
179 1 178 0.2 
179 1 179 0.8 
179 2 179 1 
180 0 8 1 
180 1 182 1 
180 2 181 1 
180 3 180 1 
181 0 9 1 
181 1 183 1 
181 2 180 0.2 
181 2 181 0.8 
181 3 181 1 
182 0 10 1 
182 1 180 0.9 
182 1 182 0.1 
182 2 183 1 
182 3 182 1 
183 0 11 1 
183 1 181 0.9 
183 1 183 0.1 
183 2 182 0.2 
183 2 183 0.8 
183 3 183 1 
184 0 16 1 
184 1 186 1 
184 2 185 1 
184 3 184 1 
185 0 17 1 
185 1 187 1 
185 2 184 0.2 
185 2 185 0.8 
185 3 185 1 
186 0 18 1 
186 1 184 0.9 
186 1 186 0.1 
186 2 187 1 
186 3 186 1 
187 0 19 1 
187 1 185 0.9 
187 1 187 0.1 
187 2 186 0.2 
187 2 187 0.8 
187 3 187 1 
188 0 20 1 
188 1 190 1 
188 2 189 1 
188 3 188 1 
189 0 21 1 
189 1 191 1 
189 2 188 0.2 
189 2 189 0.8 
189 3 189 1 
190 0 22 1 
190 1 188 0.9 
190 1 190 0.1 
190 2 191 1 
190 3 190 1 
191 0 23 1 
191 1 189 0.9 
191 1 191 0.1 
191 2 190 0.2 
191 2 191 0.8 
191 3 191 1 
192 0 24 1 
192 1 194 1 
192 2 193 1 
192 3 192 1 
193 0 25 1 
193 1 195 1 
193 2 192 0.2 
193 2 193 0.8 
193 3 193 1 
194 0 26 1 
194 1 192 0.9 
194 1 194 0.1 
194 2 195 1 
194 3 194 1 
195 0 27 1 
195 1 193 0.9 
195 1 195 0.1 
195 2 194 0.2 
195 2 195 0.8 
195 3 195 1 
196 0 28 1 
196 1 198 1 
196 2 197 1 
196 3 196 1 
197 0 29 1 
197 1 199 1 
197 2 196 0.2 
197 2 197 0.8 
197 3 197 1 
198 0 30 1 
198 1 196 0.9 
198 1 198 0.1 
198 2 199 1 
198 3 198 1 
199 0 31 1 
199 1 197 0.9 
199 1 199 0.1 
199 2 198 0.2 
199 2 199 0.8 
199 3 199 1 
200 0 32 1 
200 1 202 1 
200 2 201 1 
200 3 200 1 
201 0 33 1 
201 1 203 1 
201 2 200 0.2 
201 2 201 0.8 
201 3 201 1 
202 0 34 1 
202 1 200 0.9 
202 1 202 0.1 
202 2 203 1 
202 3 202 1 
203 0 35 1 
203 1 201 0.9 
203 1 203 0.1 
203 2 202 0.2 
203 2 203 0.8 
203 3 203 1 
204 0 36 1 
204 1 206 1 
204 2 205 1 
204 3 204 1 
205 0 37 1 
205 1 207 1 
205 2 204 0.2 
205 2 205 0.8 
205 3 205 1 
206 0 38 1 
206 1 204 0.9 
206 1 206 0.1 
206 2 207 1 
206 3 206 1 
207 0 39 1 
207 1 205 0.9 
207 1 207 0.1 
207 2 206 0.2 
207 2 207 0.8 
207 3 207 1 
208 0 40 1 
208 1 210 1 
208 2 209 1 
208 3 208 1 
209 0 41 1 
209 1 211 1 
209 2 208 0.2 
209 2 209 0.8 
209 3 209 1 
210 0 42 1 
210 1 208 0.9 
210 1 210 0.1 
210 2 211 1 
210 3 210 1 
211 0 43 1 
211 1 209 0.9 
211 1 211 0.1 
211 2 210 0.2 
211 2 211 0.8 
211 3 211 1 
212 0 44 1 
212 1 214 1 
212 2 213 1 
212 3 212 1 
213 0 45 1 
213 1 215 1 
213 2 212 0.2 
213 2 213 0.8 
213 3 213 1 
214 0 46 1 
214 1 212 0.9 
214 1 214 0.1 
214 2 215 1 
214 3 214 1 
215 0 47 1 
215 1 213 0.9 
215 1 215 0.1 
215 2 214 0.2 
215 2 215 0.8 
215 3 215 1 
216 0 48 1 
216 1 218 1 
216 2 217 1 
216 3 216 1 
217 0 49 1 
217 1 219 1 
217 2 216 0.2 
217 2 217 0.8 
217 3 217 1 
218 0 50 1 
218 1 216 0.9 
218 1 218 0.1 
218 2 219 1 
218 3 218 1 
219 0 51 1 
219 1 217 0.9 
219 1 219 0.1 
219 2 218 0.2 
219 2 219 0.8 
219 3 219 1 
220 0 52 1 
220 1 222 1 
220 2 221 1 
220 3 220 1 
221 0 53 1 
221 1 223 1 
221 2 220 0.2 
221 2 221 0.8 
221 3 221 1 
222 0 54 1 
222 1 220 0.9 
222 1 222 0.1 
222 2 223 1 
222 3 222 1 
223 0 55 1 
223 1 221 0.9 
223 1 223 0.1 
223 2 222 0.2 
223 2 223 0.8 
223 3 223 1 
224 0 56 1 
224 1 226 1 
224 2 225 1 
224 3 224 1 
225 0 57 1 
225 1 227 1 
225 2 224 0.2 
225 2 225 0.8 
225 3 225 1 
226 0 58 1 
226 1 224 0.9 
226 1 226 0.1 
226 2 227 1 
226 3 226 1 
227 0 59 1 
227 1 225 0.9 
227 1 227 0.1 
227 2 226 0.2 
227 2 227 0.8 
227 3 227 1 
228 0 60 1 
228 1 230 1 
228 2 229 1 
228 3 228 1 
229 0 61 1 
229 1 231 1 
229 2 228 0.2 
229 2 229 0.8 
229 3 229 1 
230 0 62 1 
230 1 228 0.9 
230 1 230 0.1 
230 2 231 1 
230 3 230 1 
231 0 63 1 
231 1 229 0.9 
231 1 231 0.1 
231 2 230 0.2 
231 2 231 0.8 
231 3 231 1 
232 0 64 1 
232 1 234 1 
232 2 233 1 
232 3 232 1 
233 0 65 1 
233 1 235 1 
233 2 232 0.2 
233 2 233 0.8 
233 3 233 1 
234 0 66 1 
234 1 232 0.9 
234 1 234 0.1 
234 2 235 1 
234 3 234 1 
235 0 67 1 
235 1 233 0.9 
235 1 235 0.1 
235 2 234 0.2 
235 2 235 0.8 
235 3 235 1 
236 0 68 1 
236 1 238 1 
236 2 237 1 
236 3 236 1 
237 0 69 1 
237 1 239 1 
237 2 236 0.2 
237 2 237 0.8 
237 3 237 1 
238 0 70 1 
238 1 236 0.9 
238 1 238 0.1 
238 2 239 1 
238 3 238 1 
239 0 71 1 
239 1 237 0.9 
239 1 239 0.1 
239 2 238 0.2 
239 2 239 0.8 
239 3 239 1 
240 0 72 1 
240 1 242 1 
240 2 241 1 
240 3 240 1 
241 0 73 1 
241 1 243 1 
241 2 240 0.2 
241 2 241 0.8 
241 3 241 1 
242 0 74 1 
242 1 240 0.9 
242 1 242 0.1 
242 2 243 1 
242 3 242 1 
243 0 75 1 
243 1 241 0.9 
243 1 243 0.1 
243 2 242 0.2 
243 2 243 0.8 
243 3 243 1 
244 0 76 1 
244 1 246 1 
244 2 245 1 
244 3 244 1 
245 0 77 1 
245 1 247 1 
245 2 244 0.2 
245 2 245 0.8 
245 3 245 1 
246 0 78 1 
246 1 244 0.9 
246 1 246 0.1 
246 2 247 1 
246 3 246 1 
247 0 79 1 
247 1 245 0.9 
247 1 247 0.1 
247 2 246 0.2 
247 2 247 0.8 
247 3 247 1 
248 0 80 1 
248 1 250 1 
248 2 249 1 
248 3 248 1 
249 0 81 1 
249 1 251 1 
249 2 248 0.2 
249 2 249 0.8 
249 3 249 1 
250 0 82 1 
250 1 248 0.9 
250 1 250 0.1 
250 2 251 1 
250 3 250 1 
251 0 83 1 
251 1 249 0.9 
251 1 251 0.1 
251 2 250 0.2 
251 2 251 0.8 
251 3 251 1 
252 0 84 1 
252 1 254 1 
252 2 253 1 
252 3 252 1 
253 0 85 1 
253 1 255 1 
253 2 252 0.2 
253 2 253 0.8 
253 3 253 1 
254 0 86 1 
254 1 252 0.9 
254 1 254 0.1 
254 2 255 1 
254 3 254 1 
255 0 87 1 
255 1 253 0.9 
255 1 255 0.1 
255 2 254 0.2 
255 2 255 0.8 
255 3 255 1 
256 0 88 1 
256 1 258 1 
256 2 257 1 
256 3 256 1 
257 0 89 1 
257 1 259 1 
257 2 256 0.2 
257 2 257 0.8 
257 3 257 1 
258 0 90 1 
258 1 256 0.9 
258 1 258 0.1 
258 2 259 1 
258 3 258 1 
259 0 91 1 
259 1 257 0.9 
259 1 259 0.1 
259 2 258 0.2 
259 2 259 0.8 
259 3 259 1 
260 0 262 1 
260 1 261 1 
260 2 260 1 
261 0 263 1 
261 1 260 0.2 
261 1 261 0.8 
261 2 261 1 
262 0 260 0.9 
262 0 262 0.1 
262 1 263 1 
262 2 262 1 
263 0 261 0.9 
263 0 263 0.1 
263 1 262 0.2 
263 1 263 0.8 
263 2 263 1 
